1 1 600 48 9 29
1 1 600 48 11 31
1 1 600 48 13 31
1 1 600 48 15 31
1 1 600 48 17 31
1 1 600 48 17 33
1 1 600 48 19 31
1 1 600 48 19 33
1 1 600 48 21 31
1 1 600 48 21 33
1 1 600 48 23 31
1 1 600 48 23 33
1 1 600 48 25 31
1 1 600 48 25 33
1 1 600 48 27 31
1 1 600 48 27 33
1 1 600 48 29 31
1 1 600 48 29 33
1 1 600 48 31 31
1 1 600 48 31 33
1 1 600 48 33 31
1 1 600 48 33 33
1 1 600 48 35 31
1 1 600 48 35 33
1 1 600 48 37 29
1 1 600 48 37 31
1 1 600 48 37 33
1 1 600 48 39 27
1 1 600 48 39 29
1 1 600 48 39 31
1 1 600 48 39 33
