6062.000000
6932.000000
6000.000000
6064.000000
7834.000000
1867.000000
6476.000000
6061.000000
6690.000000
6030.000000
6080.000000
6892.000000
6003.000000
6081.000000
6347.000000
6126.000000
6007.000000
6003.000000
6058.000000
6439.000000
6010.000000
6014.000000
6064.000000
6422.000000
1451.000000
6002.000000
5990.000000
6442.000000
6003.000000
6148.000000
6617.000000
4226.000000
5946.000000
6046.000000
6578.000000
6751.000000
6021.000000
6012.000000
6006.000000
6303.000000
6009.000000
6479.000000
6588.000000
6021.000000
6411.000000
5991.000000
6791.000000
6406.000000
6658.000000
5955.000000
6053.000000
7894.000000
6023.000000
6158.000000
6943.000000
6015.000000
6266.000000
5953.000000
7653.000000
6008.000000
6038.000000
6407.000000
5999.000000
6063.000000
6511.000000
6003.000000
6485.000000
5938.000000
6068.000000
7954.000000
2654.000000
5997.000000
6495.000000
5999.000000
6005.000000
6123.000000
6710.000000
6019.000000
5978.000000
6099.000000
6183.000000
7634.000000
6003.000000
6006.000000
6124.000000
6204.000000
6043.000000
6696.000000
6763.000000
6011.000000
6276.000000
6003.000000
6637.000000
2105.000000
6684.000000
6022.000000
6433.000000
11771.000000
6005.000000
6038.000000
6349.000000
6014.000000
6042.000000
6089.000000
6810.000000
6856.000000
6092.000000
6038.000000
6627.000000
6005.000000
6299.000000
6529.000000
6055.000000
6160.000000
6002.000000
6166.000000
6810.000000
6004.000000
6496.000000
5940.000000
6133.000000
7652.000000
7926.000000
6005.000000
6046.000000
6209.000000
6257.000000
7832.000000
6008.000000
6045.000000
6002.000000
6526.000000
6769.000000
7166.000000
6002.000000
6087.000000
6009.000000
6574.000000
6000.000000
5999.000000
6867.000000
6015.000000
6471.000000
5999.000000
6664.000000
6733.000000
3157.000000
4742.000000
6395.000000
6838.000000
5963.000000
6067.000000
6009.000000
6167.000000
6811.000000
6008.000000
6026.000000
6472.000000
6063.000000
6117.000000
7714.000000
6006.000000
