37280.000000
73555.000000
188353.000000
206590.000000
228943.000000
308745.000000
410282.000000
764327.000000
772064.000000
777013.000000
807255.000000
852966.000000
949818.000000
953917.000000
1054947.000000
1059479.000000
1069447.000000
1096532.000000
1141432.000000
1185998.000000
1220655.000000
1233142.000000
1253423.000000
1279866.000000
1300200.000000
1359277.000000
1386935.000000
1399594.000000
1604457.000000
1607221.000000
1675664.000000
1738125.000000
1892095.000000
1921551.000000
2010776.000000
2140915.000000
2147193.000000
2168370.000000
2424803.000000
2746157.000000
2841586.000000
2970463.000000
3012277.000000
3176506.000000
3187329.000000
3321432.000000
3378128.000000
3456208.000000
3583034.000000
3632018.000000
3754741.000000
3756227.000000
3957292.000000
4133883.000000
4259905.000000
4282868.000000
4286799.000000
4392333.000000
4429750.000000
4669238.000000
4747739.000000
4773394.000000
4876441.000000
5023426.000000
5273010.000000
5296037.000000
5540544.000000
5725829.000000
5823859.000000
5937730.000000
6120178.000000
6189535.000000
6328669.000000
6338032.000000
6473363.000000
6478186.000000
6491806.000000
6583333.000000
6615288.000000
6732942.000000
6752565.000000
6777909.000000
6816239.000000
6854450.000000
6916616.000000
6941571.000000
7051697.000000
7094568.000000
7181896.000000
7210819.000000
7250064.000000
7258684.000000
7512947.000000
7621863.000000
7656994.000000
7791323.000000
8086182.000000
8174478.000000
8188357.000000
8275997.000000
8415939.000000
8498415.000000
8505591.000000
8528928.000000
8563633.000000
8566774.000000
9057.000000
15078.000000
23177.000000
23526.000000
27379.000000
37283.000000
37327.000000
50130.000000
53360.000000
65293.000000
73554.000000
81033.000000
84858.000000
90023.000000
108943.000000
110360.000000
119305.000000
140374.000000
145389.000000
170571.000000
171953.000000
183691.000000
188353.000000
206591.000000
206660.000000
228950.000000
228986.000000
237818.000000
260866.000000
266915.000000
283320.000000
288176.000000
301494.000000
308740.000000
355901.000000
358641.000000
370742.000000
370772.000000
379047.000000
390760.000000
393431.000000
394838.000000
410274.000000
410685.000000
418630.000000
418661.000000
424631.000000
430001.000000
438092.000000
439601.000000
443994.000000
445687.000000
471047.000000
471424.000000
478802.000000
488838.000000
500267.000000
506311.000000
506336.000000
520393.000000
539748.000000
555063.000000
572215.000000
589609.000000
595583.000000
603626.000000
604429.000000
610224.000000
619918.000000
642477.000000
652342.000000
661839.000000
672427.000000
689822.000000
690628.000000
694243.000000
709582.000000
712119.000000
721155.000000
727968.000000
740001.000000
740090.000000
755124.000000
761728.000000
764337.000000
772064.000000
772099.000000
777013.000000
785182.000000
792937.000000
792969.000000
799042.000000
807252.000000
831696.000000
834217.000000
841694.000000
849406.000000
852961.000000
853015.000000
861753.000000
862095.000000
869627.000000
892528.000000
900655.000000
905502.000000
913085.000000
913114.000000
932112.000000
933680.000000
933978.000000
936291.000000
949809.000000
949870.000000
953945.000000
954385.000000
971204.000000
971255.000000
978601.000000
982766.000000
992887.000000
1002121.000000
1011426.000000
1027822.000000
1031767.000000
1031810.000000
1036094.000000
1054527.000000
1054947.000000
1059486.000000
1069454.000000
1079194.000000
1096532.000000
1096624.000000
1107375.000000
1120787.000000
1125821.000000
1130738.000000
1136668.000000
1141432.000000
1141457.000000
1146781.000000
1152843.000000
1157169.000000
1167898.000000
1182007.000000
1185998.000000
1207799.000000
1211378.000000
1216050.000000
1220657.000000
1220712.000000
1233140.000000
1242140.000000
1247178.000000
1253423.000000
1262761.000000
1277763.000000
1279871.000000
1288626.000000
1296977.000000
1297035.000000
1300218.000000
1311164.000000
1320018.000000
1338177.000000
1338209.000000
1343275.000000
1359282.000000
1370789.000000
1381990.000000
1386935.000000
1394627.000000
1399594.000000
1399636.000000
1409713.000000
1422061.000000
1422093.000000
1422460.000000
1432556.000000
1440100.000000
1443982.000000
1444026.000000
1444418.000000
1463071.000000
1465064.000000
1471200.000000
1479471.000000
1504127.000000
1507441.000000
1507495.000000
1530148.000000
1537783.000000
1544346.000000
1589794.000000
1593451.000000
1597898.000000
1597931.000000
1604457.000000
1607230.000000
1612940.000000
1625459.000000
1625510.000000
1629575.000000
1630119.000000
1635154.000000
1652105.000000
1655316.000000
1675642.000000
1701413.000000
1717025.000000
1718169.000000
1732449.000000
1738126.000000
1738232.000000
1756214.000000
1765639.000000
1769852.000000
1779939.000000
1789747.000000
1816853.000000
1823718.000000
1833554.000000
1842726.000000
1850401.000000
1856108.000000
1856496.000000
1865756.000000
1892095.000000
1896792.000000
1898188.000000
1910796.000000
1921550.000000
1940627.000000
1946259.000000
1946290.000000
1946597.000000
1953478.000000
1953496.000000
1961008.000000
1963637.000000
1972114.000000
1975817.000000
1978286.000000
2010776.000000
2010819.000000
2034629.000000
2052191.000000
2061072.000000
2061103.000000
2065200.000000
2080969.000000
2095226.000000
2113675.000000
2120222.000000
2130131.000000
2134567.000000
2140915.000000
2140963.000000
2147183.000000
2152728.000000
2152876.000000
2165907.000000
2168371.000000
2168751.000000
2177128.000000
2178295.000000
2213439.000000
2213469.000000
2217896.000000
2223243.000000
2226923.000000
2226963.000000
2234851.000000
2250821.000000
2258635.000000
2273307.000000
2283887.000000
2290007.000000
2323616.000000
2331335.000000
2342805.000000
2342834.000000
2358588.000000
2377893.000000
2377934.000000
2388342.000000
2393736.000000
2393776.000000
2399064.000000
2424802.000000
2434177.000000
2449065.000000
2455945.000000
2471934.000000
2479406.000000
2487891.000000
2503565.000000
2503587.000000
2527388.000000
2542690.000000
2551744.000000
2562066.000000
2562110.000000
2567939.000000
2589096.000000
2609609.000000
2609956.000000
2659442.000000
2672825.000000
2678993.000000
2686060.000000
2699449.000000
2711857.000000
2722516.000000
2746157.000000
2779470.000000
2782328.000000
2785805.000000
2808152.000000
2814903.000000
2820909.000000
2825466.000000
2841586.000000
2841985.000000
2851635.000000
2862843.000000
2864639.000000
2867884.000000
2884492.000000
2884519.000000
2894861.000000
2899560.000000
2915381.000000
2920493.000000
2927476.000000
2936454.000000
2938121.000000
2965115.000000
2965164.000000
2970463.000000
2988826.000000
2998547.000000
3012279.000000
3048549.000000
3059230.000000
3068323.000000
3097075.000000
3097115.000000
3109678.000000
3150891.000000
3150965.000000
3160816.000000
3166474.000000
3166507.000000
3176506.000000
3187307.000000
3187394.000000
3218630.000000
3218926.000000
3247847.000000
3269355.000000
3278731.000000
3280455.000000
3312688.000000
3321432.000000
3321822.000000
3365022.000000
3371638.000000
3378127.000000
3393447.000000
3406149.000000
3418658.000000
3432450.000000
3432842.000000
3450029.000000
3452725.000000
3456220.000000
3462999.000000
3525866.000000
3530802.000000
3562201.000000
3576436.000000
3583034.000000
3611452.000000
3632004.000000
3632101.000000
3650614.000000
3660817.000000
3661763.000000
3662136.000000
3674103.000000
3674134.000000
3684664.000000
3684697.000000
3708761.000000
3711186.000000
3715706.000000
3720528.000000
3730425.000000
3736934.000000
3745965.000000
3754740.000000
3756239.000000
3769277.000000
3778916.000000
3779298.000000
3799201.000000
3805487.000000
3815462.000000
3832521.000000
3871727.000000
3877134.000000
3903665.000000
3921931.000000
3927608.000000
3941434.000000
3957305.000000
3993497.000000
4018234.000000
4018292.000000
4018664.000000
4024113.000000
4024149.000000
4030922.000000
4037008.000000
4064966.000000
4070887.000000
4075694.000000
4080418.000000
4133873.000000
4143943.000000
4155525.000000
4165633.000000
4173657.000000
4194927.000000
4200092.000000
4215087.000000
4223548.000000
4233005.000000
4243639.000000
4243698.000000
4251325.000000
4257958.000000
4259905.000000
4282868.000000
4286785.000000
4286863.000000
4287239.000000
4304553.000000
4308376.000000
4308770.000000
4320780.000000
4320804.000000
4326585.000000
4331346.000000
4346456.000000
4357506.000000
4365398.000000
4392333.000000
4392386.000000
4418735.000000
4429750.000000
4479202.000000
4482598.000000
4482985.000000
4495586.000000
4517684.000000
4528230.000000
4548681.000000
4548714.000000
4552405.000000
4558578.000000
4564856.000000
4573089.000000
4589615.000000
4621186.000000
4623693.000000
4627560.000000
4639287.000000
4647651.000000
4648381.000000
4669236.000000
4676217.000000
4676244.000000
4688843.000000
4696460.000000
4718867.000000
4733426.000000
4733773.000000
4747738.000000
4760947.000000
4773394.000000
4785029.000000
4785264.000000
4815555.000000
4838151.000000
4844762.000000
4849309.000000
4869722.000000
4869748.000000
4876423.000000
4876902.000000
4888907.000000
4897129.000000
4903899.000000
4907001.000000
4927640.000000
4932854.000000
4939080.000000
4939138.000000
4960367.000000
5000252.000000
5006457.000000
5023433.000000
5069363.000000
5088335.000000
5105878.000000
5147734.000000
5168543.000000
5195067.000000
5254971.000000
5264409.000000
5264437.000000
5273010.000000
5273035.000000
5274388.000000
5293563.000000
5296037.000000
5310017.000000
5312834.000000
5313204.000000
5335012.000000
5351867.000000
5371667.000000
5421186.000000
5433266.000000
5440984.000000
5444480.000000
5447501.000000
5474747.000000
5490333.000000
5502242.000000
5510925.000000
5540544.000000
5552121.000000
5582352.000000
5582394.000000
5592456.000000
5623319.000000
5623362.000000
5653566.000000
5653601.000000
5669445.000000
5676418.000000
5685456.000000
5694175.000000
5706223.000000
5707291.000000
5713510.000000
5725834.000000
5742049.000000
5769264.000000
5798715.000000
5801110.000000
5810513.000000
5823859.000000
5823918.000000
5855265.000000
5869079.000000
5869442.000000
5882051.000000
5912516.000000
5937727.000000
5945799.000000
5945822.000000
5966746.000000
5995538.000000
6029791.000000
6041779.000000
6057738.000000
6071944.000000
6082316.000000
6085496.000000
6096201.000000
6096540.000000
6096904.000000
6103733.000000
6120178.000000
6120556.000000
6142929.000000
6144694.000000
6167310.000000
6189535.000000
6203150.000000
6226128.000000
6229681.000000
6237572.000000
6240244.000000
6254325.000000
6271984.000000
6272031.000000
6304051.000000
6318552.000000
6324288.000000
6328669.000000
6338032.000000
6338075.000000
6341202.000000
6359659.000000
6363326.000000
6363695.000000
6392205.000000
6438248.000000
6450411.000000
6456231.000000
6473363.000000
6478186.000000
6478232.000000
6491806.000000
6491844.000000
6492209.000000
6534949.000000
6541870.000000
6550256.000000
6555002.000000
6572419.000000
6583336.000000
6607209.000000
6615287.000000
6631510.000000
6636292.000000
6640504.000000
6645839.000000
6660044.000000
6674705.000000
6674739.000000
6678679.000000
6700827.000000
6702911.000000
6702946.000000
6713621.000000
6714298.000000
6728460.000000
6732944.000000
6743776.000000
6752563.000000
6769116.000000
6777909.000000
6816239.000000
6829893.000000
6843106.000000
6843184.000000
6852256.000000
6854460.000000
6865692.000000
6887731.000000
6906005.000000
6916616.000000
6916672.000000
6941574.000000
6941978.000000
6968406.000000
6987612.000000
7003313.000000
7051706.000000
7059763.000000
7066339.000000
7073899.000000
7091275.000000
7094568.000000
7109331.000000
7159421.000000
7164689.000000
7181899.000000
7186216.000000
7197381.000000
7209502.000000
7210819.000000
7211223.000000
7214597.000000
7222908.000000
7226170.000000
7241411.000000
7250060.000000
7258692.000000
7265281.000000
7312593.000000
7326089.000000
7326154.000000
7330824.000000
7335252.000000
7345219.000000
7369436.000000
7392520.000000
7399512.000000
7399898.000000
7415355.000000
7423851.000000
7423905.000000
7425758.000000
7436414.000000
7444370.000000
7447831.000000
7454474.000000
7465771.000000
7473749.000000
7474141.000000
7479212.000000
7494619.000000
7494876.000000
7495265.000000
7512951.000000
7513340.000000
7527591.000000
7534848.000000
7543304.000000
7545911.000000
7554081.000000
7568554.000000
7580086.000000
7607606.000000
7610261.000000
7621863.000000
7621901.000000
7621928.000000
7637259.000000
7637608.000000
7656994.000000
7683594.000000
7704771.000000
7720944.000000
7720979.000000
7728269.000000
7741096.000000
7741150.000000
7778470.000000
7785195.000000
7791327.000000
7791380.000000
7793877.000000
7806604.000000
7806710.000000
7811405.000000
7811441.000000
7841730.000000
7846490.000000
7850294.000000
7856018.000000
7864181.000000
7884685.000000
7894165.000000
7894195.000000
7909760.000000
7919133.000000
7930082.000000
7930382.000000
7943508.000000
7945865.000000
7968742.000000
7983136.000000
7994273.000000
8004227.000000
8043026.000000
8080247.000000
8086182.000000
8117893.000000
8125361.000000
8125387.000000
8125783.000000
8152786.000000
8152819.000000
8174478.000000
8174521.000000
8186048.000000
8188368.000000
8203919.000000
8237402.000000
8237435.000000
8256051.000000
8276004.000000
8276048.000000
8293394.000000
8298090.000000
8303690.000000
8306673.000000
8318567.000000
8322661.000000
8324545.000000
8330846.000000
8338366.000000
8344290.000000
8389769.000000
8407214.000000
8412264.000000
8415942.000000
8416009.000000
8416298.000000
8438941.000000
8475132.000000
8498396.000000
8505581.000000
8515528.000000
8528928.000000
8528950.000000
8537815.000000
8563633.000000
8566776.000000
8577695.000000
8592893.000000
8597694.000000
8597723.000000
8611929.000000
8620480.000000
8631427.000000
8631453.000000
6006.000000
6006.000000
6006.000000
6008.000000
6472.000000
377.000000
6006.000000
6303.000000
10150.000000
11661.000000
377.000000
6006.000000
6303.000000
10150.000000
11661.000000
6006.000000
377.000000
6006.000000
6303.000000
10150.000000
11661.000000
6008.000000
6472.000000
243.000000
374.000000
626.000000
684.000000
1004.000000
1533.000000
2326.000000
2573.000000
3242.000000
3403.000000
4073.000000
5156.000000
5584.000000
5623.000000
5721.000000
5933.000000
6033.000000
6303.000000
8558.000000
10102.000000
11011.000000
11149.000000
11288.000000
11417.000000
11637.000000
454.000000
631.000000
738.000000
1141.000000
1205.000000
2159.000000
3659.000000
3692.000000
4096.000000
4693.000000
5176.000000
5302.000000
5580.000000
5981.000000
6024.000000
6461.000000
6492.000000
9617.000000
9656.000000
9726.000000
9763.000000
10764.000000
11357.000000
377.000000
6006.000000
6303.000000
10150.000000
11661.000000
6008.000000
6472.000000
243.000000
374.000000
626.000000
684.000000
1004.000000
1533.000000
2326.000000
2573.000000
3242.000000
3403.000000
4073.000000
5156.000000
5584.000000
5623.000000
5721.000000
5933.000000
6033.000000
6303.000000
8558.000000
10102.000000
11011.000000
11149.000000
11288.000000
11417.000000
11637.000000
454.000000
631.000000
738.000000
1141.000000
1205.000000
2159.000000
3659.000000
3692.000000
4096.000000
4693.000000
5176.000000
5302.000000
5580.000000
5981.000000
6024.000000
6461.000000
6492.000000
9617.000000
9656.000000
9726.000000
9763.000000
10764.000000
11357.000000
377.000000
6006.000000
6303.000000
10150.000000
11661.000000
6008.000000
6472.000000
377.000000
6006.000000
6303.000000
10150.000000
11661.000000
6008.000000
6472.000000
377.000000
6006.000000
6303.000000
10150.000000
11661.000000
6008.000000
6472.000000
377.000000
6006.000000
6303.000000
10150.000000
11661.000000
6008.000000
6472.000000
377.000000
6006.000000
6303.000000
10150.000000
11661.000000
6008.000000
6472.000000
377.000000
6006.000000
6303.000000
10150.000000
11661.000000
6008.000000
6472.000000
377.000000
6006.000000
6303.000000
10150.000000
11661.000000
6008.000000
6472.000000
377.000000
6006.000000
6303.000000
10150.000000
11661.000000
6008.000000
6472.000000
377.000000
6006.000000
6303.000000
10150.000000
11661.000000
6008.000000
6472.000000
377.000000
6006.000000
6303.000000
10150.000000
11661.000000
6008.000000
6472.000000
377.000000
6006.000000
6303.000000
10150.000000
11661.000000
6008.000000
6472.000000
377.000000
6006.000000
6303.000000
10150.000000
11661.000000
6008.000000
6472.000000
377.000000
6006.000000
6303.000000
10150.000000
11661.000000
6008.000000
6472.000000
377.000000
6006.000000
6303.000000
10150.000000
11661.000000
6008.000000
6472.000000
377.000000
6006.000000
6303.000000
10150.000000
11661.000000
6008.000000
6472.000000
377.000000
6006.000000
6303.000000
10150.000000
11661.000000
6008.000000
6472.000000
377.000000
6006.000000
6303.000000
10150.000000
11661.000000
6008.000000
6472.000000
377.000000
6006.000000
6303.000000
10150.000000
11661.000000
6008.000000
6472.000000
377.000000
6006.000000
6303.000000
10150.000000
11661.000000
6008.000000
6472.000000
377.000000
6006.000000
6303.000000
10150.000000
11661.000000
6008.000000
6472.000000
377.000000
6006.000000
6303.000000
10150.000000
11661.000000
6008.000000
6472.000000
377.000000
6006.000000
6303.000000
10150.000000
11661.000000
6008.000000
6472.000000
377.000000
6006.000000
6303.000000
10150.000000
11661.000000
6008.000000
6472.000000
377.000000
6006.000000
6303.000000
10150.000000
11661.000000
6008.000000
6472.000000
377.000000
6006.000000
6303.000000
10150.000000
11661.000000
6008.000000
6472.000000
377.000000
6006.000000
6303.000000
10150.000000
11661.000000
6008.000000
6472.000000
377.000000
6006.000000
6303.000000
10150.000000
11661.000000
6008.000000
6472.000000
377.000000
6006.000000
6303.000000
10150.000000
11661.000000
6008.000000
6472.000000
377.000000
6006.000000
6303.000000
10150.000000
11661.000000
6008.000000
6472.000000
377.000000
6006.000000
6303.000000
10150.000000
11661.000000
6008.000000
6472.000000
377.000000
6006.000000
6303.000000
10150.000000
11661.000000
6008.000000
6472.000000
377.000000
6006.000000
6303.000000
10150.000000
11661.000000
6008.000000
6472.000000
377.000000
6006.000000
6303.000000
10150.000000
11661.000000
6008.000000
6472.000000
377.000000
6006.000000
6303.000000
10150.000000
11661.000000
6008.000000
6472.000000
377.000000
6006.000000
6303.000000
10150.000000
11661.000000
6008.000000
6472.000000
377.000000
6006.000000
6303.000000
10150.000000
11661.000000
6008.000000
6472.000000
377.000000
6006.000000
6303.000000
10150.000000
11661.000000
6008.000000
6472.000000
377.000000
6006.000000
6303.000000
10150.000000
11661.000000
6008.000000
6472.000000
377.000000
6006.000000
6303.000000
10150.000000
11661.000000
6008.000000
6472.000000
377.000000
6006.000000
6303.000000
10150.000000
11661.000000
6008.000000
6472.000000
377.000000
6006.000000
6303.000000
10150.000000
11661.000000
6008.000000
6472.000000
377.000000
6006.000000
6303.000000
10150.000000
11661.000000
6008.000000
6472.000000
377.000000
6006.000000
6303.000000
10150.000000
11661.000000
6008.000000
6472.000000
377.000000
6006.000000
6303.000000
10150.000000
11661.000000
6008.000000
6472.000000
377.000000
6006.000000
6303.000000
10150.000000
11661.000000
6008.000000
6472.000000
377.000000
6006.000000
6303.000000
10150.000000
11661.000000
6008.000000
6472.000000
377.000000
6006.000000
6303.000000
10150.000000
11661.000000
6008.000000
6472.000000
377.000000
377.000000
6006.000000
6303.000000
10150.000000
11661.000000
6008.000000
6472.000000
377.000000
6006.000000
6303.000000
10150.000000
11661.000000
6008.000000
6472.000000
377.000000
6006.000000
6303.000000
10150.000000
11661.000000
6008.000000
6472.000000
377.000000
6006.000000
6303.000000
10150.000000
11661.000000
6008.000000
6472.000000
377.000000
6006.000000
6303.000000
10150.000000
11661.000000
6008.000000
6472.000000
377.000000
6006.000000
6303.000000
10150.000000
11661.000000
6008.000000
6472.000000
377.000000
6006.000000
6303.000000
10150.000000
11661.000000
6008.000000
6472.000000
377.000000
6006.000000
6303.000000
10150.000000
11661.000000
6008.000000
6472.000000
377.000000
6006.000000
6303.000000
10150.000000
11661.000000
6008.000000
6472.000000
377.000000
6006.000000
6303.000000
10150.000000
11661.000000
6008.000000
6472.000000
377.000000
6006.000000
6303.000000
10150.000000
11661.000000
6008.000000
6472.000000
377.000000
6006.000000
6303.000000
10150.000000
11661.000000
6008.000000
6472.000000
377.000000
6006.000000
6303.000000
10150.000000
11661.000000
6008.000000
6472.000000
377.000000
6006.000000
6303.000000
10150.000000
11661.000000
6008.000000
6472.000000
377.000000
6006.000000
6303.000000
10150.000000
11661.000000
6008.000000
6472.000000
377.000000
6006.000000
6303.000000
10150.000000
11661.000000
6008.000000
6472.000000
377.000000
6006.000000
6303.000000
10150.000000
11661.000000
6008.000000
6472.000000
377.000000
6006.000000
6303.000000
10150.000000
11661.000000
6008.000000
6472.000000
377.000000
6006.000000
6303.000000
10150.000000
11661.000000
6008.000000
6472.000000
377.000000
6006.000000
6303.000000
10150.000000
11661.000000
6008.000000
6472.000000
377.000000
6006.000000
6303.000000
10150.000000
11661.000000
6008.000000
6472.000000
377.000000
6006.000000
6303.000000
10150.000000
11661.000000
6008.000000
6472.000000
377.000000
6006.000000
6303.000000
10150.000000
11661.000000
6008.000000
6472.000000
377.000000
6006.000000
6303.000000
10150.000000
11661.000000
6008.000000
6472.000000
377.000000
6006.000000
6303.000000
10150.000000
11661.000000
6008.000000
6472.000000
377.000000
6006.000000
6303.000000
10150.000000
11661.000000
6008.000000
6472.000000
377.000000
6006.000000
6303.000000
10150.000000
11661.000000
6008.000000
6472.000000
377.000000
6006.000000
6303.000000
10150.000000
11661.000000
377.000000
6006.000000
6303.000000
10150.000000
11661.000000
6008.000000
6472.000000
377.000000
6006.000000
6303.000000
10150.000000
11661.000000
6008.000000
6472.000000
377.000000
6006.000000
6303.000000
10150.000000
11661.000000
6008.000000
6472.000000
377.000000
6006.000000
6303.000000
10150.000000
11661.000000
6008.000000
6472.000000
377.000000
6006.000000
6303.000000
10150.000000
11661.000000
6008.000000
6472.000000
377.000000
6006.000000
6303.000000
10150.000000
11661.000000
6008.000000
6472.000000
377.000000
6006.000000
6303.000000
10150.000000
11661.000000
6008.000000
6472.000000
377.000000
6006.000000
6303.000000
10150.000000
11661.000000
6008.000000
6472.000000
377.000000
6006.000000
6303.000000
10150.000000
11661.000000
6008.000000
6472.000000
377.000000
6006.000000
6303.000000
10150.000000
11661.000000
6008.000000
6472.000000
377.000000
6006.000000
6303.000000
10150.000000
11661.000000
6008.000000
6472.000000
377.000000
6006.000000
6303.000000
10150.000000
11661.000000
6008.000000
6472.000000
377.000000
6006.000000
6303.000000
10150.000000
11661.000000
6008.000000
6472.000000
377.000000
6006.000000
6303.000000
10150.000000
11661.000000
6008.000000
6472.000000
377.000000
6006.000000
6303.000000
10150.000000
11661.000000
6008.000000
6472.000000
377.000000
6006.000000
6303.000000
10150.000000
11661.000000
6008.000000
6472.000000
377.000000
6006.000000
6303.000000
10150.000000
11661.000000
6008.000000
6472.000000
377.000000
6006.000000
6303.000000
10150.000000
11661.000000
6008.000000
6472.000000
377.000000
6006.000000
6303.000000
10150.000000
11661.000000
6008.000000
6472.000000
377.000000
6006.000000
6303.000000
10150.000000
11661.000000
6008.000000
6472.000000
377.000000
6006.000000
6303.000000
10150.000000
11661.000000
6008.000000
6472.000000
377.000000
6006.000000
6303.000000
10150.000000
11661.000000
6008.000000
6472.000000
377.000000
6006.000000
6303.000000
10150.000000
11661.000000
6008.000000
6472.000000
377.000000
6006.000000
6303.000000
10150.000000
11661.000000
6008.000000
6472.000000
377.000000
6006.000000
6303.000000
10150.000000
11661.000000
6008.000000
6472.000000
377.000000
6006.000000
6303.000000
10150.000000
11661.000000
6008.000000
6472.000000
377.000000
6006.000000
6303.000000
10150.000000
11661.000000
6008.000000
6472.000000
377.000000
6006.000000
6303.000000
10150.000000
11661.000000
6008.000000
6472.000000
377.000000
6006.000000
6303.000000
10150.000000
11661.000000
6008.000000
6472.000000
377.000000
6006.000000
6303.000000
10150.000000
11661.000000
6008.000000
6472.000000
377.000000
6006.000000
6303.000000
10150.000000
11661.000000
6008.000000
6472.000000
377.000000
6006.000000
6303.000000
10150.000000
11661.000000
6008.000000
6472.000000
377.000000
6006.000000
6303.000000
10150.000000
11661.000000
6008.000000
6472.000000
377.000000
6006.000000
6303.000000
10150.000000
11661.000000
6008.000000
6472.000000
377.000000
6006.000000
6303.000000
10150.000000
11661.000000
6008.000000
6472.000000
377.000000
6006.000000
6303.000000
10150.000000
11661.000000
6008.000000
6472.000000
377.000000
6006.000000
6303.000000
10150.000000
11661.000000
6008.000000
6472.000000
377.000000
6006.000000
6303.000000
10150.000000
11661.000000
6008.000000
6472.000000
377.000000
6006.000000
6303.000000
10150.000000
11661.000000
6008.000000
6472.000000
377.000000
6006.000000
6303.000000
10150.000000
11661.000000
6008.000000
6472.000000
377.000000
6006.000000
6303.000000
10150.000000
11661.000000
6008.000000
6472.000000
377.000000
6006.000000
6303.000000
10150.000000
11661.000000
6008.000000
6472.000000
377.000000
6006.000000
6303.000000
10150.000000
11661.000000
6008.000000
6472.000000
377.000000
6006.000000
6303.000000
10150.000000
11661.000000
6008.000000
6472.000000
377.000000
6006.000000
6303.000000
10150.000000
11661.000000
6008.000000
6472.000000
377.000000
6006.000000
6303.000000
10150.000000
11661.000000
6008.000000
6472.000000
377.000000
6006.000000
6303.000000
10150.000000
11661.000000
6008.000000
6472.000000
377.000000
6006.000000
6303.000000
10150.000000
11661.000000
6008.000000
6472.000000
377.000000
6006.000000
6303.000000
10150.000000
11661.000000
6008.000000
6472.000000
377.000000
6006.000000
6303.000000
10150.000000
11661.000000
6008.000000
6472.000000
377.000000
6006.000000
6303.000000
10150.000000
11661.000000
6008.000000
6472.000000
377.000000
6006.000000
6303.000000
10150.000000
11661.000000
6008.000000
6472.000000
377.000000
6006.000000
6303.000000
10150.000000
11661.000000
6008.000000
6472.000000
377.000000
6006.000000
6303.000000
10150.000000
11661.000000
6008.000000
6472.000000
377.000000
6006.000000
6303.000000
10150.000000
11661.000000
6008.000000
6472.000000
377.000000
6006.000000
6303.000000
10150.000000
11661.000000
6008.000000
6472.000000
377.000000
6006.000000
6303.000000
10150.000000
11661.000000
6008.000000
6472.000000
377.000000
6006.000000
6303.000000
10150.000000
11661.000000
6008.000000
6472.000000
377.000000
6006.000000
6303.000000
10150.000000
11661.000000
6008.000000
6472.000000
377.000000
6006.000000
6303.000000
10150.000000
11661.000000
6008.000000
6472.000000
377.000000
6006.000000
6303.000000
10150.000000
11661.000000
6008.000000
6472.000000
377.000000
6006.000000
6303.000000
10150.000000
11661.000000
6008.000000
6472.000000
377.000000
6006.000000
6303.000000
10150.000000
11661.000000
6008.000000
6472.000000
377.000000
6006.000000
6303.000000
10150.000000
11661.000000
6008.000000
6472.000000
377.000000
6006.000000
6303.000000
10150.000000
11661.000000
6008.000000
6472.000000
377.000000
6006.000000
6303.000000
10150.000000
11661.000000
6008.000000
6472.000000
377.000000
6006.000000
6303.000000
10150.000000
11661.000000
6008.000000
6472.000000
377.000000
6006.000000
6303.000000
10150.000000
11661.000000
6008.000000
6472.000000
377.000000
6006.000000
6303.000000
10150.000000
11661.000000
6008.000000
6472.000000
377.000000
6006.000000
6303.000000
10150.000000
11661.000000
6008.000000
6472.000000
377.000000
6006.000000
6303.000000
10150.000000
11661.000000
6008.000000
6472.000000
377.000000
6006.000000
6303.000000
10150.000000
11661.000000
6008.000000
6472.000000
377.000000
6006.000000
6303.000000
10150.000000
11661.000000
6008.000000
6472.000000
377.000000
6006.000000
6303.000000
10150.000000
11661.000000
6008.000000
6472.000000
377.000000
6006.000000
6303.000000
10150.000000
11661.000000
6008.000000
6472.000000
377.000000
6006.000000
6303.000000
10150.000000
11661.000000
6008.000000
6472.000000
377.000000
6006.000000
6303.000000
10150.000000
11661.000000
6008.000000
6472.000000
377.000000
6006.000000
6303.000000
10150.000000
11661.000000
6008.000000
6472.000000
377.000000
6006.000000
6303.000000
10150.000000
11661.000000
6008.000000
6472.000000
377.000000
6006.000000
6303.000000
10150.000000
11661.000000
6008.000000
6472.000000
377.000000
6006.000000
6303.000000
10150.000000
11661.000000
6008.000000
6472.000000
377.000000
6006.000000
6303.000000
10150.000000
11661.000000
6008.000000
6472.000000
377.000000
6006.000000
6303.000000
10150.000000
11661.000000
6008.000000
6472.000000
377.000000
6006.000000
6303.000000
10150.000000
11661.000000
6008.000000
6472.000000
377.000000
6006.000000
6303.000000
10150.000000
11661.000000
6008.000000
6472.000000
377.000000
6006.000000
6303.000000
10150.000000
11661.000000
6008.000000
6472.000000
377.000000
6006.000000
6303.000000
10150.000000
11661.000000
6008.000000
6472.000000
377.000000
6006.000000
6303.000000
10150.000000
11661.000000
6008.000000
6472.000000
377.000000
6006.000000
6303.000000
10150.000000
11661.000000
6008.000000
6472.000000
377.000000
6006.000000
6303.000000
10150.000000
11661.000000
6008.000000
6472.000000
377.000000
6006.000000
6303.000000
10150.000000
11661.000000
6008.000000
6472.000000
377.000000
6006.000000
6303.000000
10150.000000
11661.000000
6008.000000
6472.000000
377.000000
6006.000000
6303.000000
10150.000000
11661.000000
6008.000000
6472.000000
377.000000
6006.000000
6303.000000
10150.000000
11661.000000
6008.000000
6472.000000
377.000000
6006.000000
6303.000000
10150.000000
11661.000000
6008.000000
6472.000000
377.000000
6006.000000
6303.000000
10150.000000
11661.000000
6008.000000
6472.000000
377.000000
6006.000000
6303.000000
10150.000000
11661.000000
6008.000000
6472.000000
377.000000
6006.000000
6303.000000
10150.000000
11661.000000
6008.000000
6472.000000
377.000000
6006.000000
6303.000000
10150.000000
11661.000000
6008.000000
6472.000000
377.000000
6006.000000
6303.000000
10150.000000
11661.000000
6008.000000
6472.000000
377.000000
6006.000000
6303.000000
10150.000000
11661.000000
6008.000000
6472.000000
377.000000
6006.000000
6303.000000
10150.000000
11661.000000
6008.000000
6472.000000
377.000000
6006.000000
6303.000000
10150.000000
11661.000000
6008.000000
6472.000000
377.000000
6006.000000
6303.000000
10150.000000
11661.000000
6008.000000
6472.000000
377.000000
6006.000000
6303.000000
10150.000000
11661.000000
6008.000000
6472.000000
377.000000
6006.000000
6303.000000
10150.000000
11661.000000
6008.000000
6472.000000
377.000000
6006.000000
6303.000000
10150.000000
11661.000000
6008.000000
6472.000000
377.000000
6006.000000
6303.000000
10150.000000
11661.000000
6008.000000
6472.000000
377.000000
6006.000000
6303.000000
10150.000000
11661.000000
6008.000000
6472.000000
377.000000
6006.000000
6303.000000
10150.000000
11661.000000
6008.000000
6472.000000
377.000000
6006.000000
6303.000000
10150.000000
11661.000000
6008.000000
6472.000000
377.000000
6006.000000
6303.000000
10150.000000
11661.000000
6008.000000
6472.000000
377.000000
6006.000000
6303.000000
10150.000000
11661.000000
6008.000000
6472.000000
377.000000
6006.000000
6303.000000
10150.000000
11661.000000
6008.000000
6472.000000
377.000000
6006.000000
6303.000000
10150.000000
11661.000000
6008.000000
6472.000000
377.000000
6006.000000
6303.000000
10150.000000
11661.000000
6008.000000
6472.000000
377.000000
6006.000000
6303.000000
10150.000000
11661.000000
6008.000000
6472.000000
377.000000
6006.000000
6303.000000
10150.000000
11661.000000
6008.000000
6472.000000
377.000000
6006.000000
6303.000000
10150.000000
11661.000000
6008.000000
6472.000000
377.000000
6006.000000
6303.000000
10150.000000
11661.000000
6008.000000
6472.000000
377.000000
6006.000000
6303.000000
10150.000000
11661.000000
6008.000000
6472.000000
377.000000
6006.000000
6303.000000
10150.000000
11661.000000
6008.000000
6472.000000
377.000000
6006.000000
6303.000000
10150.000000
11661.000000
6008.000000
6472.000000
377.000000
6006.000000
6303.000000
10150.000000
11661.000000
6008.000000
6472.000000
377.000000
6006.000000
6303.000000
10150.000000
11661.000000
6008.000000
6472.000000
377.000000
6006.000000
6303.000000
10150.000000
11661.000000
6008.000000
6472.000000
377.000000
6006.000000
6303.000000
10150.000000
11661.000000
6008.000000
6472.000000
377.000000
6006.000000
6303.000000
10150.000000
11661.000000
6008.000000
6472.000000
377.000000
6006.000000
6303.000000
10150.000000
11661.000000
6008.000000
6472.000000
377.000000
6006.000000
6303.000000
10150.000000
11661.000000
6008.000000
6472.000000
377.000000
6006.000000
6303.000000
10150.000000
11661.000000
6008.000000
6472.000000
377.000000
6006.000000
6303.000000
10150.000000
11661.000000
6008.000000
6472.000000
377.000000
6006.000000
6303.000000
10150.000000
11661.000000
6008.000000
6472.000000
377.000000
6006.000000
6303.000000
10150.000000
11661.000000
6008.000000
6472.000000
377.000000
6006.000000
6303.000000
10150.000000
11661.000000
6008.000000
6472.000000
377.000000
6006.000000
6303.000000
10150.000000
11661.000000
6008.000000
6472.000000
377.000000
6006.000000
6303.000000
10150.000000
11661.000000
6008.000000
6472.000000
377.000000
6006.000000
6303.000000
10150.000000
11661.000000
6008.000000
6472.000000
377.000000
6006.000000
6303.000000
10150.000000
11661.000000
6008.000000
6472.000000
377.000000
6006.000000
6303.000000
10150.000000
11661.000000
6008.000000
6472.000000
377.000000
6006.000000
6303.000000
10150.000000
11661.000000
6008.000000
6472.000000
377.000000
6006.000000
6303.000000
10150.000000
11661.000000
6008.000000
6472.000000
377.000000
6006.000000
6303.000000
10150.000000
11661.000000
6008.000000
6472.000000
377.000000
6006.000000
6303.000000
10150.000000
11661.000000
6008.000000
6472.000000
377.000000
6006.000000
6303.000000
10150.000000
11661.000000
6008.000000
6472.000000
377.000000
6006.000000
6303.000000
10150.000000
11661.000000
6008.000000
6472.000000
377.000000
6006.000000
6303.000000
10150.000000
11661.000000
6008.000000
6472.000000
377.000000
6006.000000
6303.000000
10150.000000
11661.000000
6008.000000
6472.000000
377.000000
6006.000000
6303.000000
10150.000000
11661.000000
6008.000000
6472.000000
377.000000
6006.000000
6303.000000
10150.000000
11661.000000
6008.000000
6472.000000
377.000000
6006.000000
6303.000000
10150.000000
11661.000000
6008.000000
6472.000000
377.000000
6006.000000
6303.000000
10150.000000
11661.000000
6008.000000
6472.000000
377.000000
6006.000000
6303.000000
10150.000000
11661.000000
6008.000000
6472.000000
377.000000
6006.000000
6303.000000
10150.000000
11661.000000
6008.000000
6472.000000
377.000000
6006.000000
6303.000000
10150.000000
11661.000000
6008.000000
6472.000000
377.000000
6006.000000
6303.000000
10150.000000
11661.000000
6008.000000
6472.000000
377.000000
6006.000000
6303.000000
10150.000000
11661.000000
6008.000000
6472.000000
377.000000
6006.000000
6303.000000
10150.000000
11661.000000
6008.000000
6472.000000
377.000000
6006.000000
6303.000000
10150.000000
11661.000000
6008.000000
6472.000000
377.000000
6006.000000
6303.000000
10150.000000
11661.000000
6008.000000
6472.000000
377.000000
6006.000000
6303.000000
10150.000000
11661.000000
6008.000000
6472.000000
377.000000
6006.000000
6303.000000
10150.000000
11661.000000
6008.000000
6472.000000
377.000000
6006.000000
6303.000000
10150.000000
11661.000000
6008.000000
6472.000000
377.000000
6006.000000
6303.000000
10150.000000
11661.000000
6008.000000
6472.000000
377.000000
6006.000000
6303.000000
10150.000000
11661.000000
6008.000000
6472.000000
377.000000
6006.000000
6303.000000
10150.000000
11661.000000
6008.000000
6472.000000
377.000000
6006.000000
6303.000000
10150.000000
11661.000000
6008.000000
6472.000000
377.000000
6006.000000
6303.000000
10150.000000
11661.000000
6008.000000
6472.000000
377.000000
6006.000000
6303.000000
10150.000000
11661.000000
6008.000000
6472.000000
377.000000
6006.000000
6303.000000
10150.000000
11661.000000
6008.000000
6472.000000
377.000000
6006.000000
6303.000000
10150.000000
11661.000000
6008.000000
6472.000000
377.000000
6006.000000
6303.000000
10150.000000
11661.000000
6008.000000
6472.000000
377.000000
6006.000000
6303.000000
10150.000000
11661.000000
6008.000000
6472.000000
377.000000
6006.000000
6303.000000
10150.000000
11661.000000
6008.000000
6472.000000
377.000000
6006.000000
6303.000000
10150.000000
11661.000000
6008.000000
6472.000000
377.000000
6006.000000
6303.000000
10150.000000
11661.000000
6008.000000
6472.000000
377.000000
6006.000000
6303.000000
10150.000000
11661.000000
6008.000000
6472.000000
377.000000
6006.000000
6303.000000
10150.000000
11661.000000
6008.000000
6472.000000
377.000000
6006.000000
6303.000000
10150.000000
11661.000000
6008.000000
6472.000000
377.000000
6006.000000
6303.000000
10150.000000
11661.000000
6008.000000
6472.000000
377.000000
6006.000000
6303.000000
10150.000000
11661.000000
6008.000000
6472.000000
377.000000
6006.000000
6303.000000
10150.000000
11661.000000
6008.000000
6472.000000
377.000000
6006.000000
6303.000000
10150.000000
11661.000000
6008.000000
6472.000000
377.000000
6006.000000
6303.000000
10150.000000
11661.000000
6008.000000
6472.000000
377.000000
6006.000000
6303.000000
10150.000000
11661.000000
6008.000000
6472.000000
377.000000
6006.000000
6303.000000
10150.000000
11661.000000
6008.000000
6472.000000
377.000000
6006.000000
6303.000000
10150.000000
11661.000000
6008.000000
6472.000000
377.000000
6006.000000
6303.000000
10150.000000
11661.000000
6008.000000
6472.000000
377.000000
6006.000000
6303.000000
10150.000000
11661.000000
6008.000000
6472.000000
377.000000
6006.000000
6303.000000
10150.000000
11661.000000
6008.000000
6472.000000
377.000000
6006.000000
6303.000000
10150.000000
11661.000000
6008.000000
6472.000000
377.000000
6006.000000
6303.000000
10150.000000
11661.000000
6008.000000
6472.000000
377.000000
6006.000000
6303.000000
10150.000000
11661.000000
6008.000000
6472.000000
377.000000
6006.000000
6303.000000
10150.000000
11661.000000
6008.000000
6472.000000
377.000000
6006.000000
6303.000000
10150.000000
11661.000000
6008.000000
6472.000000
377.000000
6006.000000
6303.000000
10150.000000
11661.000000
6008.000000
6472.000000
377.000000
6006.000000
6303.000000
10150.000000
11661.000000
6008.000000
6472.000000
377.000000
6006.000000
6303.000000
10150.000000
11661.000000
6008.000000
6472.000000
377.000000
6006.000000
6303.000000
10150.000000
11661.000000
6008.000000
6472.000000
377.000000
6006.000000
6303.000000
10150.000000
11661.000000
6008.000000
6472.000000
377.000000
6006.000000
6303.000000
10150.000000
11661.000000
6008.000000
6472.000000
377.000000
6006.000000
6303.000000
10150.000000
11661.000000
6008.000000
6472.000000
377.000000
6006.000000
6303.000000
10150.000000
11661.000000
6008.000000
6472.000000
377.000000
6006.000000
6303.000000
10150.000000
11661.000000
6008.000000
6472.000000
377.000000
6006.000000
6303.000000
10150.000000
11661.000000
6008.000000
6472.000000
377.000000
6006.000000
6303.000000
10150.000000
11661.000000
6008.000000
6472.000000
377.000000
6006.000000
6303.000000
10150.000000
11661.000000
6008.000000
6472.000000
377.000000
6006.000000
6303.000000
10150.000000
11661.000000
6008.000000
6472.000000
377.000000
6006.000000
6303.000000
10150.000000
11661.000000
6008.000000
6472.000000
377.000000
6006.000000
6303.000000
10150.000000
11661.000000
6008.000000
6472.000000
377.000000
6006.000000
6303.000000
10150.000000
11661.000000
6008.000000
6472.000000
377.000000
6006.000000
6303.000000
10150.000000
11661.000000
6008.000000
6472.000000
377.000000
6006.000000
6303.000000
10150.000000
11661.000000
6008.000000
6472.000000
377.000000
6006.000000
6303.000000
10150.000000
11661.000000
6008.000000
6472.000000
377.000000
6006.000000
6303.000000
10150.000000
11661.000000
6008.000000
6472.000000
377.000000
6006.000000
6303.000000
10150.000000
11661.000000
6008.000000
6472.000000
377.000000
6006.000000
6303.000000
10150.000000
11661.000000
6008.000000
6472.000000
377.000000
6006.000000
6303.000000
10150.000000
11661.000000
6008.000000
6472.000000
377.000000
6006.000000
6303.000000
10150.000000
11661.000000
6008.000000
6472.000000
377.000000
6006.000000
6303.000000
10150.000000
11661.000000
6008.000000
6472.000000
377.000000
6006.000000
6303.000000
10150.000000
11661.000000
6008.000000
6472.000000
377.000000
6006.000000
6303.000000
10150.000000
11661.000000
6008.000000
6472.000000
377.000000
6006.000000
6303.000000
10150.000000
11661.000000
6008.000000
6472.000000
377.000000
6006.000000
6303.000000
10150.000000
11661.000000
6008.000000
6472.000000
377.000000
6006.000000
6303.000000
10150.000000
11661.000000
6008.000000
6472.000000
377.000000
6006.000000
6303.000000
10150.000000
11661.000000
6008.000000
6472.000000
377.000000
6006.000000
6303.000000
10150.000000
11661.000000
6008.000000
6472.000000
377.000000
6006.000000
6303.000000
10150.000000
11661.000000
6008.000000
6472.000000
377.000000
6006.000000
6303.000000
10150.000000
11661.000000
6008.000000
6472.000000
377.000000
6006.000000
6303.000000
10150.000000
11661.000000
6008.000000
6472.000000
377.000000
6006.000000
6303.000000
10150.000000
11661.000000
6008.000000
6472.000000
377.000000
6006.000000
6303.000000
10150.000000
11661.000000
6008.000000
6472.000000
377.000000
6006.000000
6303.000000
10150.000000
11661.000000
6008.000000
6472.000000
377.000000
6006.000000
6303.000000
10150.000000
11661.000000
6008.000000
6472.000000
377.000000
6006.000000
6303.000000
10150.000000
11661.000000
6008.000000
6472.000000
377.000000
6006.000000
6303.000000
10150.000000
11661.000000
6008.000000
6472.000000
377.000000
6006.000000
6303.000000
10150.000000
11661.000000
6008.000000
6472.000000
377.000000
6006.000000
6303.000000
10150.000000
11661.000000
6008.000000
6472.000000
377.000000
6006.000000
6303.000000
10150.000000
11661.000000
6008.000000
6472.000000
377.000000
6006.000000
6303.000000
10150.000000
11661.000000
6008.000000
6472.000000
377.000000
6006.000000
6303.000000
10150.000000
11661.000000
6008.000000
6472.000000
377.000000
6006.000000
6303.000000
10150.000000
11661.000000
6008.000000
6472.000000
377.000000
6006.000000
6303.000000
10150.000000
11661.000000
6008.000000
6472.000000
377.000000
6006.000000
6303.000000
10150.000000
11661.000000
6008.000000
6472.000000
377.000000
6006.000000
6303.000000
10150.000000
11661.000000
6008.000000
6472.000000
377.000000
6006.000000
6303.000000
10150.000000
11661.000000
6008.000000
6472.000000
6006.000000
6006.000000
6006.000000
6006.000000
6002.000000
5989.000000
6024.000000
6010.000000
6002.000000
6006.000000
6001.000000
5988.000000
6023.000000
6160.000000
6004.000000
6010.000000
6574.000000
5991.000000
6002.000000
5993.000000
6013.000000
6441.000000
377.000000
6006.000000
6303.000000
10150.000000
11661.000000
300.000000
6002.000000
6133.000000
5968.000000
6037.000000
2685.000000
4208.000000
5734.000000
6011.000000
6074.000000
6160.000000
5995.000000
6004.000000
6286.000000
7040.000000
7095.000000
7960.000000
5991.000000
6572.000000
5991.000000
6050.000000
7574.000000
7920.000000
6002.000000
5991.000000
6013.000000
6441.000000
377.000000
6006.000000
6303.000000
10150.000000
11661.000000
300.000000
6002.000000
6133.000000
5968.000000
6037.000000
2685.000000
4208.000000
5734.000000
6011.000000
6074.000000
6160.000000
5995.000000
6004.000000
6286.000000
7040.000000
7095.000000
7960.000000
5991.000000
6572.000000
5991.000000
6050.000000
7574.000000
7920.000000
6002.000000
5991.000000
6013.000000
6441.000000
377.000000
6006.000000
6303.000000
10150.000000
11661.000000
300.000000
6002.000000
6133.000000
5968.000000
6037.000000
2685.000000
4208.000000
5734.000000
6011.000000
6074.000000
6160.000000
5995.000000
6004.000000
6286.000000
7040.000000
7095.000000
7960.000000
5991.000000
6572.000000
5991.000000
6050.000000
7574.000000
7920.000000
6002.000000
5991.000000
6013.000000
6441.000000
377.000000
6006.000000
6303.000000
10150.000000
11661.000000
300.000000
6002.000000
6133.000000
5968.000000
6037.000000
2685.000000
4208.000000
5734.000000
6011.000000
6074.000000
6160.000000
5995.000000
6004.000000
6286.000000
7040.000000
7095.000000
7960.000000
5991.000000
6572.000000
5991.000000
6050.000000
7574.000000
7920.000000
6002.000000
5991.000000
6013.000000
6441.000000
377.000000
6006.000000
6303.000000
10150.000000
11661.000000
300.000000
6002.000000
6133.000000
5968.000000
6037.000000
2685.000000
4208.000000
5734.000000
6011.000000
6074.000000
6160.000000
5995.000000
6004.000000
6286.000000
7040.000000
7095.000000
7960.000000
5991.000000
6572.000000
5991.000000
6050.000000
7574.000000
7920.000000
6002.000000
5991.000000
6013.000000
6441.000000
377.000000
6006.000000
6303.000000
10150.000000
11661.000000
300.000000
6002.000000
6133.000000
5968.000000
6037.000000
2685.000000
4208.000000
5734.000000
6011.000000
6074.000000
6160.000000
5995.000000
6004.000000
6286.000000
7040.000000
7095.000000
7960.000000
5991.000000
6572.000000
5991.000000
6050.000000
7574.000000
7920.000000
6002.000000
5991.000000
6013.000000
6441.000000
6013.000000
6441.000000
377.000000
6006.000000
6303.000000
10150.000000
11661.000000
300.000000
6002.000000
6133.000000
5968.000000
6037.000000
2685.000000
4208.000000
5734.000000
6011.000000
6074.000000
6160.000000
5995.000000
6004.000000
6286.000000
7040.000000
7095.000000
7960.000000
5991.000000
6572.000000
5991.000000
6050.000000
7574.000000
7920.000000
6002.000000
5991.000000
6013.000000
6441.000000
377.000000
6006.000000
6303.000000
10150.000000
11661.000000
300.000000
6002.000000
6133.000000
5968.000000
6037.000000
2685.000000
4208.000000
5734.000000
6011.000000
6074.000000
6160.000000
5995.000000
6004.000000
6286.000000
7040.000000
7095.000000
7960.000000
5991.000000
6572.000000
5991.000000
6050.000000
7574.000000
7920.000000
6002.000000
5991.000000
6013.000000
6441.000000
377.000000
6006.000000
6303.000000
10150.000000
11661.000000
300.000000
6002.000000
6133.000000
5968.000000
6037.000000
2685.000000
4208.000000
5734.000000
6011.000000
6074.000000
6160.000000
5995.000000
6004.000000
6286.000000
7040.000000
7095.000000
7960.000000
5991.000000
6572.000000
5991.000000
6050.000000
7574.000000
7920.000000
6002.000000
5991.000000
6013.000000
6441.000000
377.000000
6006.000000
6303.000000
10150.000000
11661.000000
300.000000
6002.000000
6133.000000
5968.000000
6037.000000
2685.000000
4208.000000
5734.000000
6011.000000
6074.000000
6160.000000
5995.000000
6004.000000
6286.000000
7040.000000
7095.000000
7960.000000
5991.000000
6572.000000
5991.000000
6050.000000
7574.000000
7920.000000
6002.000000
5991.000000
6013.000000
6441.000000
377.000000
6006.000000
6303.000000
10150.000000
11661.000000
300.000000
6002.000000
6133.000000
5968.000000
6037.000000
2685.000000
4208.000000
5734.000000
6011.000000
6074.000000
6160.000000
5995.000000
6004.000000
6286.000000
7040.000000
7095.000000
7960.000000
5991.000000
6572.000000
5991.000000
6050.000000
7574.000000
7920.000000
6002.000000
5991.000000
6013.000000
6441.000000
377.000000
6006.000000
6303.000000
10150.000000
11661.000000
300.000000
6002.000000
6133.000000
5968.000000
6037.000000
2685.000000
4208.000000
5734.000000
6011.000000
6074.000000
6160.000000
5995.000000
6004.000000
6286.000000
7040.000000
7095.000000
7960.000000
5991.000000
6572.000000
5991.000000
6050.000000
7574.000000
7920.000000
6002.000000
5991.000000
6006.000000
6002.000000
5989.000000
6024.000000
6010.000000
6002.000000
6006.000000
6002.000000
5989.000000
6024.000000
6010.000000
6002.000000
6013.000000
6441.000000
377.000000
6006.000000
6303.000000
10150.000000
11661.000000
300.000000
6002.000000
6133.000000
5968.000000
6037.000000
2685.000000
4208.000000
5734.000000
6011.000000
6074.000000
6160.000000
5995.000000
6004.000000
6286.000000
7040.000000
7095.000000
7960.000000
5991.000000
6572.000000
5991.000000
6050.000000
7574.000000
7920.000000
6002.000000
5991.000000
6013.000000
6441.000000
377.000000
6006.000000
6303.000000
10150.000000
11661.000000
300.000000
6002.000000
6133.000000
5968.000000
6037.000000
2685.000000
4208.000000
5734.000000
6011.000000
6074.000000
6160.000000
5995.000000
6004.000000
6286.000000
7040.000000
7095.000000
7960.000000
5991.000000
6572.000000
5991.000000
6050.000000
7574.000000
7920.000000
6002.000000
5991.000000
6013.000000
6441.000000
377.000000
6006.000000
6303.000000
10150.000000
11661.000000
300.000000
6002.000000
6133.000000
5968.000000
6037.000000
2685.000000
4208.000000
5734.000000
6011.000000
6074.000000
6160.000000
5995.000000
6004.000000
6286.000000
7040.000000
7095.000000
7960.000000
5991.000000
6572.000000
5991.000000
6050.000000
7574.000000
7920.000000
6002.000000
5991.000000
6013.000000
6441.000000
377.000000
6006.000000
6303.000000
10150.000000
11661.000000
300.000000
6002.000000
6133.000000
5968.000000
6037.000000
2685.000000
4208.000000
5734.000000
6011.000000
6074.000000
6160.000000
5995.000000
6004.000000
6286.000000
7040.000000
7095.000000
7960.000000
5991.000000
6572.000000
5991.000000
6050.000000
7574.000000
7920.000000
6002.000000
5991.000000
5411.000000
2292.000000
2790.000000
5225.000000
5646.000000
8685.000000
10208.000000
11734.000000
6013.000000
6441.000000
377.000000
6006.000000
6303.000000
10150.000000
11661.000000
300.000000
6002.000000
6133.000000
5968.000000
6037.000000
2685.000000
4208.000000
5734.000000
6011.000000
6074.000000
6160.000000
5995.000000
6004.000000
6286.000000
7040.000000
7095.000000
7960.000000
5991.000000
6572.000000
5991.000000
6050.000000
7574.000000
7920.000000
6002.000000
5991.000000
5411.000000
2292.000000
2790.000000
5225.000000
5646.000000
8685.000000
10208.000000
11734.000000
6013.000000
6441.000000
377.000000
6006.000000
6303.000000
10150.000000
11661.000000
300.000000
6002.000000
6133.000000
5968.000000
6037.000000
2685.000000
4208.000000
5734.000000
6011.000000
6074.000000
6160.000000
5995.000000
6004.000000
6286.000000
7040.000000
7095.000000
7960.000000
5991.000000
6572.000000
5991.000000
6050.000000
7574.000000
7920.000000
6002.000000
5991.000000
5411.000000
2292.000000
2790.000000
5225.000000
5646.000000
8685.000000
10208.000000
11734.000000
6013.000000
6441.000000
377.000000
6006.000000
6303.000000
10150.000000
11661.000000
300.000000
6002.000000
6133.000000
5968.000000
6037.000000
2685.000000
4208.000000
5734.000000
6011.000000
6074.000000
6160.000000
5995.000000
6004.000000
6286.000000
7040.000000
7095.000000
7960.000000
5991.000000
6572.000000
5991.000000
6050.000000
7574.000000
7920.000000
6002.000000
5991.000000
5411.000000
2292.000000
2790.000000
5225.000000
5646.000000
8685.000000
10208.000000
11734.000000
6013.000000
6441.000000
377.000000
6006.000000
6303.000000
10150.000000
11661.000000
300.000000
6002.000000
6133.000000
5968.000000
6037.000000
2685.000000
4208.000000
5734.000000
6011.000000
6074.000000
6160.000000
5995.000000
6004.000000
6286.000000
7040.000000
7095.000000
7960.000000
5991.000000
6572.000000
5991.000000
6050.000000
7574.000000
7920.000000
6002.000000
5991.000000
5411.000000
2292.000000
2790.000000
5225.000000
5646.000000
8685.000000
10208.000000
11734.000000
6013.000000
6441.000000
377.000000
6006.000000
6303.000000
10150.000000
11661.000000
300.000000
6002.000000
6133.000000
5968.000000
6037.000000
2685.000000
4208.000000
5734.000000
6011.000000
6074.000000
6160.000000
5995.000000
6004.000000
6286.000000
7040.000000
7095.000000
7960.000000
5991.000000
6572.000000
5991.000000
6050.000000
7574.000000
7920.000000
6002.000000
5991.000000
5411.000000
2292.000000
2790.000000
5225.000000
5646.000000
8685.000000
10208.000000
11734.000000
6013.000000
6441.000000
377.000000
6006.000000
6303.000000
10150.000000
11661.000000
300.000000
6002.000000
6133.000000
5968.000000
6037.000000
2685.000000
4208.000000
5734.000000
6011.000000
6074.000000
6160.000000
5995.000000
6004.000000
6286.000000
7040.000000
7095.000000
7960.000000
5991.000000
6572.000000
5991.000000
6050.000000
7574.000000
7920.000000
6002.000000
5991.000000
5411.000000
2292.000000
2790.000000
5225.000000
5646.000000
8685.000000
10208.000000
11734.000000
6013.000000
6441.000000
377.000000
6006.000000
6303.000000
10150.000000
11661.000000
300.000000
6002.000000
6133.000000
5968.000000
6037.000000
2685.000000
4208.000000
5734.000000
6011.000000
6074.000000
6160.000000
5995.000000
6004.000000
6286.000000
7040.000000
7095.000000
7960.000000
5991.000000
6572.000000
5991.000000
6050.000000
7574.000000
7920.000000
6002.000000
5991.000000
5411.000000
2292.000000
2790.000000
5225.000000
5646.000000
8685.000000
10208.000000
11734.000000
6013.000000
6441.000000
377.000000
6006.000000
6303.000000
10150.000000
11661.000000
300.000000
6002.000000
6133.000000
5968.000000
6037.000000
2685.000000
4208.000000
5734.000000
6011.000000
6074.000000
6160.000000
5995.000000
6004.000000
6286.000000
7040.000000
7095.000000
7960.000000
5991.000000
6572.000000
5991.000000
6050.000000
7574.000000
7920.000000
6002.000000
5991.000000
5411.000000
2292.000000
2790.000000
5225.000000
5646.000000
8685.000000
10208.000000
11734.000000
6013.000000
6441.000000
377.000000
6006.000000
6303.000000
10150.000000
11661.000000
300.000000
6002.000000
6133.000000
5968.000000
6037.000000
2685.000000
4208.000000
5734.000000
6011.000000
6074.000000
6160.000000
5995.000000
6004.000000
6286.000000
7040.000000
7095.000000
7960.000000
5991.000000
6572.000000
5991.000000
6050.000000
7574.000000
7920.000000
6002.000000
5991.000000
5411.000000
2292.000000
2790.000000
5225.000000
5646.000000
8685.000000
10208.000000
11734.000000
6013.000000
6441.000000
377.000000
6006.000000
6303.000000
10150.000000
11661.000000
300.000000
6002.000000
6133.000000
5968.000000
6037.000000
2685.000000
4208.000000
5734.000000
6011.000000
6074.000000
6160.000000
5995.000000
6004.000000
6286.000000
7040.000000
7095.000000
7960.000000
5991.000000
6572.000000
5991.000000
6050.000000
7574.000000
7920.000000
6002.000000
5991.000000
5411.000000
2292.000000
2790.000000
5225.000000
5646.000000
8685.000000
10208.000000
11734.000000
6013.000000
6441.000000
377.000000
6006.000000
6303.000000
10150.000000
11661.000000
300.000000
6002.000000
6133.000000
5968.000000
6037.000000
2685.000000
4208.000000
5734.000000
6011.000000
6074.000000
6160.000000
5995.000000
6004.000000
6286.000000
7040.000000
7095.000000
7960.000000
5991.000000
6572.000000
5991.000000
6050.000000
7574.000000
7920.000000
6002.000000
5991.000000
5411.000000
2292.000000
2790.000000
5225.000000
5646.000000
8685.000000
10208.000000
11734.000000
6013.000000
6441.000000
377.000000
6006.000000
6303.000000
10150.000000
11661.000000
300.000000
6002.000000
6133.000000
5968.000000
6037.000000
2685.000000
4208.000000
5734.000000
6011.000000
6074.000000
6160.000000
5995.000000
6004.000000
6286.000000
7040.000000
7095.000000
7960.000000
5991.000000
6572.000000
5991.000000
6050.000000
7574.000000
7920.000000
6002.000000
5991.000000
5411.000000
2292.000000
2790.000000
5225.000000
5646.000000
8685.000000
10208.000000
11734.000000
6013.000000
6441.000000
377.000000
6006.000000
6303.000000
10150.000000
11661.000000
300.000000
6002.000000
6133.000000
5968.000000
6037.000000
2685.000000
4208.000000
5734.000000
6011.000000
6074.000000
6160.000000
5995.000000
6004.000000
6286.000000
7040.000000
7095.000000
7960.000000
5991.000000
6572.000000
5991.000000
6050.000000
7574.000000
7920.000000
6002.000000
5991.000000
5411.000000
2292.000000
2790.000000
5225.000000
5646.000000
8685.000000
10208.000000
11734.000000
6013.000000
6441.000000
377.000000
6006.000000
6303.000000
10150.000000
11661.000000
300.000000
6002.000000
6133.000000
5968.000000
6037.000000
2685.000000
4208.000000
5734.000000
6011.000000
6074.000000
6160.000000
5995.000000
6004.000000
6286.000000
7040.000000
7095.000000
7960.000000
5991.000000
6572.000000
5991.000000
6050.000000
7574.000000
7920.000000
6002.000000
5991.000000
5411.000000
2292.000000
2790.000000
5225.000000
5646.000000
8685.000000
10208.000000
11734.000000
6013.000000
6441.000000
377.000000
6006.000000
6303.000000
10150.000000
11661.000000
300.000000
6002.000000
6133.000000
5968.000000
6037.000000
2685.000000
4208.000000
5734.000000
6011.000000
6074.000000
6160.000000
5995.000000
6004.000000
6286.000000
7040.000000
7095.000000
7960.000000
5991.000000
6572.000000
5991.000000
6050.000000
7574.000000
7920.000000
6002.000000
5991.000000
5411.000000
2292.000000
2790.000000
5225.000000
5646.000000
8685.000000
10208.000000
11734.000000
6013.000000
6441.000000
377.000000
6006.000000
6303.000000
10150.000000
11661.000000
300.000000
6002.000000
6133.000000
5968.000000
6037.000000
2685.000000
4208.000000
5734.000000
6011.000000
6074.000000
6160.000000
5995.000000
6004.000000
6286.000000
7040.000000
7095.000000
7960.000000
5991.000000
6572.000000
5991.000000
6050.000000
7574.000000
7920.000000
6002.000000
5991.000000
5411.000000
2292.000000
2790.000000
5225.000000
5646.000000
8685.000000
10208.000000
11734.000000
6013.000000
6441.000000
377.000000
6006.000000
6303.000000
10150.000000
11661.000000
300.000000
6002.000000
6133.000000
5968.000000
6037.000000
2685.000000
4208.000000
5734.000000
6011.000000
6074.000000
6160.000000
5995.000000
6004.000000
6286.000000
7040.000000
7095.000000
7960.000000
5991.000000
6572.000000
5991.000000
6050.000000
7574.000000
7920.000000
6002.000000
5991.000000
5411.000000
2292.000000
2790.000000
5225.000000
5646.000000
8685.000000
10208.000000
11734.000000
6013.000000
6441.000000
377.000000
6006.000000
6303.000000
10150.000000
11661.000000
300.000000
6002.000000
6133.000000
5968.000000
6037.000000
2685.000000
4208.000000
5734.000000
6011.000000
6074.000000
6160.000000
5995.000000
6004.000000
6286.000000
7040.000000
7095.000000
7960.000000
5991.000000
6572.000000
5991.000000
6050.000000
7574.000000
7920.000000
6002.000000
5991.000000
5411.000000
2292.000000
2790.000000
5225.000000
5646.000000
8685.000000
10208.000000
11734.000000
6013.000000
6441.000000
377.000000
6006.000000
6303.000000
10150.000000
11661.000000
300.000000
6002.000000
6133.000000
5968.000000
6037.000000
2685.000000
4208.000000
5734.000000
6011.000000
6074.000000
6160.000000
5995.000000
6004.000000
6286.000000
7040.000000
7095.000000
7960.000000
5991.000000
6572.000000
5991.000000
6050.000000
7574.000000
7920.000000
6002.000000
5991.000000
5411.000000
2292.000000
2790.000000
5225.000000
5646.000000
8685.000000
10208.000000
11734.000000
6013.000000
6441.000000
377.000000
6006.000000
6303.000000
10150.000000
11661.000000
300.000000
6002.000000
6133.000000
5968.000000
6037.000000
2685.000000
4208.000000
5734.000000
6011.000000
6074.000000
6160.000000
5995.000000
6004.000000
6286.000000
7040.000000
7095.000000
7960.000000
5991.000000
6572.000000
5991.000000
6050.000000
7574.000000
7920.000000
6002.000000
5991.000000
5411.000000
2292.000000
2790.000000
5225.000000
5646.000000
8685.000000
10208.000000
11734.000000
6013.000000
6441.000000
377.000000
6006.000000
6303.000000
10150.000000
11661.000000
300.000000
6002.000000
6133.000000
5968.000000
6037.000000
2685.000000
4208.000000
5734.000000
6011.000000
6074.000000
6160.000000
5995.000000
6004.000000
6286.000000
7040.000000
7095.000000
7960.000000
5991.000000
6572.000000
5991.000000
6050.000000
7574.000000
7920.000000
6002.000000
5991.000000
5411.000000
2292.000000
2790.000000
5225.000000
5646.000000
8685.000000
10208.000000
11734.000000
6013.000000
6441.000000
377.000000
6006.000000
6303.000000
10150.000000
11661.000000
300.000000
6002.000000
6133.000000
5968.000000
6037.000000
2685.000000
4208.000000
5734.000000
6011.000000
6074.000000
6160.000000
5995.000000
6004.000000
6286.000000
7040.000000
7095.000000
7960.000000
5991.000000
6572.000000
5991.000000
6050.000000
7574.000000
7920.000000
6002.000000
5991.000000
5411.000000
2292.000000
2790.000000
5225.000000
5646.000000
8685.000000
10208.000000
11734.000000
6013.000000
6441.000000
377.000000
6006.000000
6303.000000
10150.000000
11661.000000
300.000000
6002.000000
6133.000000
5968.000000
6037.000000
2685.000000
4208.000000
5734.000000
6011.000000
6074.000000
6160.000000
5995.000000
6004.000000
6286.000000
7040.000000
7095.000000
7960.000000
5991.000000
6572.000000
5991.000000
6050.000000
7574.000000
7920.000000
6002.000000
5991.000000
5411.000000
2292.000000
2790.000000
5225.000000
5646.000000
8685.000000
10208.000000
11734.000000
6013.000000
6441.000000
377.000000
6006.000000
6303.000000
10150.000000
11661.000000
300.000000
6002.000000
6133.000000
5968.000000
6037.000000
2685.000000
4208.000000
5734.000000
6011.000000
6074.000000
6160.000000
5995.000000
6004.000000
6286.000000
7040.000000
7095.000000
7960.000000
5991.000000
6572.000000
5991.000000
6050.000000
7574.000000
7920.000000
6002.000000
5991.000000
5411.000000
2292.000000
2790.000000
5225.000000
5646.000000
8685.000000
10208.000000
11734.000000
6013.000000
6441.000000
377.000000
6006.000000
6303.000000
10150.000000
11661.000000
300.000000
6002.000000
6133.000000
5968.000000
6037.000000
2685.000000
4208.000000
5734.000000
6011.000000
6074.000000
6160.000000
5995.000000
6004.000000
6286.000000
7040.000000
7095.000000
7960.000000
5991.000000
6572.000000
5991.000000
6050.000000
7574.000000
7920.000000
6002.000000
5991.000000
5411.000000
2292.000000
2790.000000
5225.000000
5646.000000
8685.000000
10208.000000
11734.000000
6013.000000
6441.000000
377.000000
6006.000000
6303.000000
10150.000000
11661.000000
300.000000
6002.000000
6133.000000
5968.000000
6037.000000
2685.000000
4208.000000
5734.000000
6011.000000
6074.000000
6160.000000
5995.000000
6004.000000
6286.000000
7040.000000
7095.000000
7960.000000
5991.000000
6572.000000
5991.000000
6050.000000
7574.000000
7920.000000
6002.000000
5991.000000
5411.000000
2292.000000
2790.000000
5225.000000
5646.000000
8685.000000
10208.000000
11734.000000
6013.000000
6441.000000
377.000000
6006.000000
6303.000000
10150.000000
11661.000000
300.000000
6002.000000
6133.000000
5968.000000
6037.000000
2685.000000
4208.000000
5734.000000
6011.000000
6074.000000
6160.000000
5995.000000
6004.000000
6286.000000
7040.000000
7095.000000
7960.000000
5991.000000
6572.000000
5991.000000
6050.000000
7574.000000
7920.000000
6002.000000
5991.000000
5411.000000
2292.000000
2790.000000
5225.000000
5646.000000
8685.000000
10208.000000
11734.000000
6013.000000
6441.000000
377.000000
6006.000000
6303.000000
10150.000000
11661.000000
300.000000
6002.000000
6133.000000
5968.000000
6037.000000
2685.000000
4208.000000
5734.000000
6011.000000
6074.000000
6160.000000
5995.000000
6004.000000
6286.000000
7040.000000
7095.000000
7960.000000
5991.000000
6572.000000
5991.000000
6050.000000
7574.000000
7920.000000
6002.000000
5991.000000
5411.000000
2292.000000
2790.000000
5225.000000
5646.000000
8685.000000
10208.000000
11734.000000
6013.000000
6441.000000
377.000000
6006.000000
6303.000000
10150.000000
11661.000000
300.000000
6002.000000
6133.000000
5968.000000
6037.000000
2685.000000
4208.000000
5734.000000
6011.000000
6074.000000
6160.000000
5995.000000
6004.000000
6286.000000
7040.000000
7095.000000
7960.000000
5991.000000
6572.000000
5991.000000
6050.000000
7574.000000
7920.000000
6002.000000
5991.000000
5411.000000
2292.000000
2790.000000
5225.000000
5646.000000
8685.000000
10208.000000
11734.000000
6013.000000
6441.000000
377.000000
6006.000000
6303.000000
10150.000000
11661.000000
300.000000
6002.000000
6133.000000
5968.000000
6037.000000
2685.000000
4208.000000
5734.000000
6011.000000
6074.000000
6160.000000
5995.000000
6004.000000
6286.000000
7040.000000
7095.000000
7960.000000
5991.000000
6572.000000
5991.000000
6050.000000
7574.000000
7920.000000
6002.000000
5991.000000
5411.000000
2292.000000
2790.000000
5225.000000
5646.000000
8685.000000
10208.000000
11734.000000
6013.000000
6441.000000
377.000000
6006.000000
6303.000000
10150.000000
11661.000000
300.000000
6002.000000
6133.000000
5968.000000
6037.000000
2685.000000
4208.000000
5734.000000
6011.000000
6074.000000
6160.000000
5995.000000
6004.000000
6286.000000
7040.000000
7095.000000
7960.000000
5991.000000
6572.000000
5991.000000
6050.000000
7574.000000
7920.000000
6002.000000
5991.000000
5411.000000
2292.000000
2790.000000
5225.000000
5646.000000
8685.000000
10208.000000
11734.000000
6013.000000
6441.000000
377.000000
6006.000000
6303.000000
10150.000000
11661.000000
300.000000
6002.000000
6133.000000
5968.000000
6037.000000
2685.000000
4208.000000
5734.000000
6011.000000
6074.000000
6160.000000
5995.000000
6004.000000
6286.000000
7040.000000
7095.000000
7960.000000
5991.000000
6572.000000
5991.000000
6050.000000
7574.000000
7920.000000
6002.000000
5991.000000
5411.000000
2292.000000
2790.000000
5225.000000
5646.000000
8685.000000
10208.000000
11734.000000
6013.000000
6441.000000
377.000000
6006.000000
6303.000000
10150.000000
11661.000000
300.000000
6002.000000
6133.000000
5968.000000
6037.000000
2685.000000
4208.000000
5734.000000
6011.000000
6074.000000
6160.000000
5995.000000
6004.000000
6286.000000
7040.000000
7095.000000
7960.000000
5991.000000
6572.000000
5991.000000
6050.000000
7574.000000
7920.000000
6002.000000
5991.000000
5411.000000
2292.000000
2790.000000
5225.000000
5646.000000
8685.000000
10208.000000
11734.000000
6013.000000
6441.000000
377.000000
6006.000000
6303.000000
10150.000000
11661.000000
300.000000
6002.000000
6133.000000
5968.000000
6037.000000
2685.000000
4208.000000
5734.000000
6011.000000
6074.000000
6160.000000
5995.000000
6004.000000
6286.000000
7040.000000
7095.000000
7960.000000
5991.000000
6572.000000
5991.000000
6050.000000
7574.000000
7920.000000
6002.000000
5991.000000
5411.000000
2292.000000
2790.000000
5225.000000
5646.000000
8685.000000
10208.000000
11734.000000
6013.000000
6441.000000
377.000000
6006.000000
6303.000000
10150.000000
11661.000000
300.000000
6002.000000
6133.000000
5968.000000
6037.000000
2685.000000
4208.000000
5734.000000
6011.000000
6074.000000
6160.000000
5995.000000
6004.000000
6286.000000
7040.000000
7095.000000
7960.000000
5991.000000
6572.000000
5991.000000
6050.000000
7574.000000
7920.000000
6002.000000
5991.000000
5411.000000
2292.000000
2790.000000
5225.000000
5646.000000
8685.000000
10208.000000
11734.000000
6013.000000
6441.000000
377.000000
6006.000000
6303.000000
10150.000000
11661.000000
300.000000
6002.000000
6133.000000
5968.000000
6037.000000
2685.000000
4208.000000
5734.000000
6011.000000
6074.000000
6160.000000
5995.000000
6004.000000
6286.000000
7040.000000
7095.000000
7960.000000
5991.000000
6572.000000
5991.000000
6050.000000
7574.000000
7920.000000
6002.000000
5991.000000
5411.000000
2292.000000
2790.000000
5225.000000
5646.000000
8685.000000
10208.000000
11734.000000
6013.000000
6441.000000
377.000000
6006.000000
6303.000000
10150.000000
11661.000000
300.000000
6002.000000
6133.000000
5968.000000
6037.000000
2685.000000
4208.000000
5734.000000
6011.000000
6074.000000
6160.000000
5995.000000
6004.000000
6286.000000
7040.000000
7095.000000
7960.000000
5991.000000
6572.000000
5991.000000
6050.000000
7574.000000
7920.000000
6002.000000
5991.000000
5411.000000
2292.000000
2790.000000
5225.000000
5646.000000
8685.000000
10208.000000
11734.000000
6013.000000
6441.000000
377.000000
6006.000000
6303.000000
10150.000000
11661.000000
300.000000
6002.000000
6133.000000
5968.000000
6037.000000
2685.000000
4208.000000
5734.000000
6011.000000
6074.000000
6160.000000
5995.000000
6004.000000
6286.000000
7040.000000
7095.000000
7960.000000
5991.000000
6572.000000
5991.000000
6050.000000
7574.000000
7920.000000
6002.000000
5991.000000
5411.000000
2292.000000
2790.000000
5225.000000
5646.000000
8685.000000
10208.000000
11734.000000
6013.000000
6441.000000
377.000000
6006.000000
6303.000000
10150.000000
11661.000000
300.000000
6002.000000
6133.000000
5968.000000
6037.000000
2685.000000
4208.000000
5734.000000
6011.000000
6074.000000
6160.000000
5995.000000
6004.000000
6286.000000
7040.000000
7095.000000
7960.000000
5991.000000
6572.000000
5991.000000
6050.000000
7574.000000
7920.000000
6002.000000
5991.000000
5411.000000
2292.000000
2790.000000
5225.000000
5646.000000
8685.000000
10208.000000
11734.000000
6013.000000
6441.000000
377.000000
6006.000000
6303.000000
10150.000000
11661.000000
300.000000
6002.000000
6133.000000
5968.000000
6037.000000
2685.000000
4208.000000
5734.000000
6011.000000
6074.000000
6160.000000
5995.000000
6004.000000
6286.000000
7040.000000
7095.000000
7960.000000
5991.000000
6572.000000
5991.000000
6050.000000
7574.000000
7920.000000
6002.000000
5991.000000
5411.000000
2292.000000
2790.000000
5225.000000
5646.000000
8685.000000
10208.000000
11734.000000
6013.000000
6441.000000
377.000000
6006.000000
6303.000000
10150.000000
11661.000000
300.000000
6002.000000
6133.000000
5968.000000
6037.000000
2685.000000
4208.000000
5734.000000
6011.000000
6074.000000
6160.000000
5995.000000
6004.000000
6286.000000
7040.000000
7095.000000
7960.000000
5991.000000
6572.000000
5991.000000
6050.000000
7574.000000
7920.000000
6002.000000
5991.000000
5411.000000
2292.000000
2790.000000
5225.000000
5646.000000
8685.000000
10208.000000
11734.000000
6013.000000
6441.000000
377.000000
6006.000000
6303.000000
10150.000000
11661.000000
300.000000
6002.000000
6133.000000
5968.000000
6037.000000
2685.000000
4208.000000
5734.000000
6011.000000
6074.000000
6160.000000
5995.000000
6004.000000
6286.000000
7040.000000
7095.000000
7960.000000
5991.000000
6572.000000
5991.000000
6050.000000
7574.000000
7920.000000
6002.000000
5991.000000
5411.000000
2292.000000
2790.000000
5225.000000
5646.000000
8685.000000
10208.000000
11734.000000
6013.000000
6441.000000
377.000000
6006.000000
6303.000000
10150.000000
11661.000000
300.000000
6002.000000
6133.000000
5968.000000
6037.000000
2685.000000
4208.000000
5734.000000
6011.000000
6074.000000
6160.000000
5995.000000
6004.000000
6286.000000
7040.000000
7095.000000
7960.000000
5991.000000
6572.000000
5991.000000
6050.000000
7574.000000
7920.000000
6002.000000
5991.000000
5411.000000
2292.000000
2790.000000
5225.000000
5646.000000
8685.000000
10208.000000
11734.000000
6013.000000
6441.000000
377.000000
6006.000000
6303.000000
10150.000000
11661.000000
300.000000
6002.000000
6133.000000
5968.000000
6037.000000
2685.000000
4208.000000
5734.000000
6011.000000
6074.000000
6160.000000
5995.000000
6004.000000
6286.000000
7040.000000
7095.000000
7960.000000
5991.000000
6572.000000
5991.000000
6050.000000
7574.000000
7920.000000
6002.000000
5991.000000
5411.000000
2292.000000
2790.000000
5225.000000
5646.000000
8685.000000
10208.000000
11734.000000
6013.000000
6441.000000
377.000000
6006.000000
6303.000000
10150.000000
11661.000000
300.000000
6002.000000
6133.000000
5968.000000
6037.000000
2685.000000
4208.000000
5734.000000
6011.000000
6074.000000
6160.000000
5995.000000
6004.000000
6286.000000
7040.000000
7095.000000
7960.000000
5991.000000
6572.000000
5991.000000
6050.000000
7574.000000
7920.000000
6002.000000
5991.000000
5411.000000
2292.000000
2790.000000
5225.000000
5646.000000
8685.000000
10208.000000
11734.000000
6013.000000
6441.000000
377.000000
6006.000000
6303.000000
10150.000000
11661.000000
300.000000
6002.000000
6133.000000
5968.000000
6037.000000
2685.000000
4208.000000
5734.000000
6011.000000
6074.000000
6160.000000
5995.000000
6004.000000
6286.000000
7040.000000
7095.000000
7960.000000
5991.000000
6572.000000
5991.000000
6050.000000
7574.000000
7920.000000
6002.000000
5991.000000
5411.000000
2292.000000
2790.000000
5225.000000
5646.000000
8685.000000
10208.000000
11734.000000
6013.000000
6441.000000
377.000000
6006.000000
6303.000000
10150.000000
11661.000000
300.000000
6002.000000
6133.000000
5968.000000
6037.000000
2685.000000
4208.000000
5734.000000
6011.000000
6074.000000
6160.000000
5995.000000
6004.000000
6286.000000
7040.000000
7095.000000
7960.000000
5991.000000
6572.000000
5991.000000
6050.000000
7574.000000
7920.000000
6002.000000
5991.000000
5411.000000
2292.000000
2790.000000
5225.000000
5646.000000
8685.000000
10208.000000
11734.000000
6013.000000
6441.000000
377.000000
6006.000000
6303.000000
10150.000000
11661.000000
300.000000
6002.000000
6133.000000
5968.000000
6037.000000
2685.000000
4208.000000
5734.000000
6011.000000
6074.000000
6160.000000
5995.000000
6004.000000
6286.000000
7040.000000
7095.000000
7960.000000
5991.000000
6572.000000
5991.000000
6050.000000
7574.000000
7920.000000
6002.000000
5991.000000
5411.000000
2292.000000
2790.000000
5225.000000
5646.000000
8685.000000
10208.000000
11734.000000
6013.000000
6441.000000
377.000000
6006.000000
6303.000000
10150.000000
11661.000000
300.000000
6002.000000
6133.000000
5968.000000
6037.000000
2685.000000
4208.000000
5734.000000
6011.000000
6074.000000
6160.000000
5995.000000
6004.000000
6286.000000
7040.000000
7095.000000
7960.000000
5991.000000
6572.000000
5991.000000
6050.000000
7574.000000
7920.000000
6002.000000
5991.000000
5411.000000
2292.000000
2790.000000
5225.000000
5646.000000
8685.000000
10208.000000
11734.000000
6013.000000
6441.000000
377.000000
6006.000000
6303.000000
10150.000000
11661.000000
300.000000
6002.000000
6133.000000
5968.000000
6037.000000
2685.000000
4208.000000
5734.000000
6011.000000
6074.000000
6160.000000
5995.000000
6004.000000
6286.000000
7040.000000
7095.000000
7960.000000
5991.000000
6572.000000
5991.000000
6050.000000
7574.000000
7920.000000
6002.000000
5991.000000
5411.000000
2292.000000
2790.000000
5225.000000
5646.000000
8685.000000
10208.000000
11734.000000
6013.000000
6441.000000
377.000000
6006.000000
6303.000000
10150.000000
11661.000000
300.000000
6002.000000
6133.000000
5968.000000
6037.000000
2685.000000
4208.000000
5734.000000
6011.000000
6074.000000
6160.000000
5995.000000
6004.000000
6286.000000
7040.000000
7095.000000
7960.000000
5991.000000
6572.000000
5991.000000
6050.000000
7574.000000
7920.000000
6002.000000
5991.000000
5411.000000
2292.000000
2790.000000
5225.000000
5646.000000
8685.000000
10208.000000
11734.000000
