0.46 31 63 39 3 3 
0.4 32 102 39 3 3 
0.16 35 116 39 3 3 
0.23 37 91 39 3 3 
0.26 34 77 39 3 3 
0.4 32 103 39 3 3 
0.46 31 64 39 3 3 
0.17 37 92 39 3 3 
0.0 35 117 39 3 3 
0.26 34 78 39 3 3 
0.4 32 104 39 3 3 
0.46 31 65 39 3 3 
0.16 35 118 39 3 3 
0.26 34 79 39 3 3 
0.17 37 93 39 3 3 
0.46 31 66 39 3 3 
0.37 32 105 39 3 3 
0.16 35 119 39 3 3 
0.26 34 80 39 3 3 
0.17 37 94 39 3 3 
0.46 31 67 39 3 3 
0.37 32 106 39 3 3 
0.16 35 120 39 3 3 
0.26 34 81 39 3 3 
0.17 37 95 39 3 3 
0.46 31 68 39 3 3 
0.37 32 107 39 3 3 
0.46 31 69 39 3 3 
0.37 32 108 39 3 3 
0.26 34 82 39 3 3 
0.16 35 121 39 3 3 
0.17 37 96 39 3 3 
0.04 31 70 39 3 3 
0.04 32 109 39 3 3 
0.26 34 83 39 3 3 
0.15 35 122 39 3 3 
0.17 37 97 39 3 3 
0.4 31 71 39 3 3 
0.36 32 110 39 3 3 
0.16 35 123 39 3 3 
0.26 34 84 39 3 3 
0.17 37 98 39 3 3 
0.4 31 72 39 3 3 
0.36 32 111 39 3 3 
0.0 34 85 39 3 3 
0.0 35 124 39 3 3 
0.17 37 99 39 3 3 
0.36 32 112 39 3 3 
0.4 31 73 39 3 3 
0.26 34 86 39 3 3 
0.16 35 125 39 3 3 
0.17 37 100 39 3 3 
0.36 32 113 39 3 3 
0.04 31 74 39 3 3 
0.26 34 87 39 3 3 
0.16 35 126 39 3 3 
0.36 32 114 39 3 3 
0.4 31 75 39 3 3 
0.17 37 101 39 3 3 
0.35 32 115 39 3 3 
0.26 34 88 39 3 3 
0.4 31 76 39 3 3 
0.31 36 63 39 3 3 
0.17 37 102 39 3 3 
0.35 32 116 39 3 3 
0.4 31 77 39 3 3 
0.26 34 89 39 3 3 
0.31 36 64 39 3 3 
0.17 37 103 39 3 3 
0.35 32 117 39 3 3 
0.4 31 78 39 3 3 
0.23 34 90 39 3 3 
0.3 36 65 39 3 3 
0.16 37 104 39 3 3 
0.35 32 118 39 3 3 
0.4 31 79 39 3 3 
0.23 34 91 39 3 3 
0.3 36 66 39 3 3 
0.16 37 105 39 3 3 
0.35 32 119 39 3 3 
0.4 31 80 39 3 3 
0.0 34 92 39 3 3 
0.3 36 67 39 3 3 
0.16 37 106 39 3 3 
0.35 32 120 39 3 3 
0.4 31 81 39 3 3 
0.17 34 93 39 3 3 
0.27 36 68 39 3 3 
0.35 32 121 39 3 3 
0.4 31 82 39 3 3 
0.16 37 107 39 3 3 
0.17 34 94 39 3 3 
0.26 36 69 39 3 3 
0.35 32 122 39 3 3 
0.4 31 83 39 3 3 
0.16 37 108 39 3 3 
0.17 34 95 39 3 3 
0.35 32 123 39 3 3 
0.4 31 84 39 3 3 
0.26 36 70 39 3 3 
0.16 37 109 39 3 3 
0.35 32 124 39 3 3 
0.41 31 85 39 3 3 
0.17 34 96 39 3 3 
0.26 36 71 39 3 3 
0.16 37 110 39 3 3 
0.35 32 125 39 3 3 
0.41 31 86 39 3 3 
0.17 34 97 39 3 3 
0.26 36 72 39 3 3 
0.16 37 111 39 3 3 
0.33 32 126 39 3 3 
0.41 31 87 39 3 3 
0.17 34 98 39 3 3 
0.26 36 73 39 3 3 
0.16 37 112 39 3 3 
0.41 31 88 39 3 3 
0.31 33 63 39 3 3 
0.0 34 99 39 3 3 
0.26 36 74 39 3 3 
0.41 31 89 39 3 3 
0.16 37 113 39 3 3 
0.31 33 64 39 3 3 
0.17 34 100 39 3 3 
0.0 36 75 39 3 3 
0.41 31 90 39 3 3 
0.16 37 114 39 3 3 
0.3 33 65 39 3 3 
0.17 34 101 39 3 3 
0.26 36 76 39 3 3 
0.41 31 91 39 3 3 
0.16 37 115 39 3 3 
0.0 33 66 39 3 3 
0.41 31 92 39 3 3 
0.17 34 102 39 3 3 
0.26 36 77 39 3 3 
0.16 37 116 39 3 3 
0.3 33 67 39 3 3 
0.39 31 93 39 3 3 
0.17 34 103 39 3 3 
0.26 36 78 39 3 3 
0.16 37 117 39 3 3 
0.27 33 68 39 3 3 
0.39 31 94 39 3 3 
0.16 34 104 39 3 3 
0.0 36 79 39 3 3 
0.16 37 118 39 3 3 
0.39 31 95 39 3 3 
0.26 33 69 39 3 3 
0.16 34 105 39 3 3 
0.0 36 80 39 3 3 
0.4 31 96 39 3 3 
0.16 37 119 39 3 3 
0.26 33 70 39 3 3 
0.26 36 81 39 3 3 
0.16 34 106 39 3 3 
0.4 31 97 39 3 3 
0.16 37 120 39 3 3 
0.26 33 71 39 3 3 
0.26 36 82 39 3 3 
0.4 31 98 39 3 3 
0.16 34 107 39 3 3 
0.16 37 121 39 3 3 
0.26 33 72 39 3 3 
0.4 31 99 39 3 3 
0.26 36 83 39 3 3 
0.0 34 108 39 3 3 
0.15 37 122 39 3 3 
0.26 33 73 39 3 3 
0.4 31 100 39 3 3 
0.26 36 84 39 3 3 
0.16 34 109 39 3 3 
0.16 37 123 39 3 3 
0.26 33 74 39 3 3 
0.4 31 101 39 3 3 
0.26 36 85 39 3 3 
0.16 34 110 39 3 3 
0.16 37 124 39 3 3 
0.26 33 75 39 3 3 
0.4 31 102 39 3 3 
0.26 36 86 39 3 3 
0.16 34 111 39 3 3 
0.16 37 125 39 3 3 
0.4 31 103 39 3 3 
0.26 33 76 39 3 3 
0.26 36 87 39 3 3 
0.16 34 112 39 3 3 
0.4 31 104 39 3 3 
0.16 37 126 39 3 3 
0.26 33 77 39 3 3 
0.26 36 88 39 3 3 
0.37 31 105 39 3 3 
0.16 34 113 39 3 3 
0.31 38 63 39 3 3 
0.26 33 78 39 3 3 
0.37 31 106 39 3 3 
0.26 36 89 39 3 3 
0.16 34 114 39 3 3 
0.31 38 64 39 3 3 
0.0 33 79 39 3 3 
0.37 31 107 39 3 3 
0.23 36 90 39 3 3 
0.16 34 115 39 3 3 
0.3 38 65 39 3 3 
0.26 33 80 39 3 3 
0.37 31 108 39 3 3 
0.23 36 91 39 3 3 
0.16 34 116 39 3 3 
0.3 38 66 39 3 3 
0.26 33 81 39 3 3 
0.37 31 109 39 3 3 
0.17 36 92 39 3 3 
0.16 34 117 39 3 3 
0.0 38 67 39 3 3 
0.26 33 82 39 3 3 
0.36 31 110 39 3 3 
0.17 36 93 39 3 3 
0.16 34 118 39 3 3 
0.27 38 68 39 3 3 
0.36 31 111 39 3 3 
0.26 33 83 39 3 3 
0.17 36 94 39 3 3 
0.26 38 69 39 3 3 
0.16 34 119 39 3 3 
0.36 31 112 39 3 3 
0.26 33 84 39 3 3 
0.17 36 95 39 3 3 
0.36 31 113 39 3 3 
0.16 34 120 39 3 3 
0.26 38 70 39 3 3 
0.26 33 85 39 3 3 
0.36 31 114 39 3 3 
0.17 36 96 39 3 3 
0.26 38 71 39 3 3 
0.16 34 121 39 3 3 
0.26 33 86 39 3 3 
0.35 31 115 39 3 3 
0.17 36 97 39 3 3 
0.26 38 72 39 3 3 
0.15 34 122 39 3 3 
0.26 33 87 39 3 3 
0.02 31 116 39 3 3 
0.17 36 98 39 3 3 
0.26 38 73 39 3 3 
0.16 34 123 39 3 3 
0.26 33 88 39 3 3 
0.35 31 117 39 3 3 
0.17 36 99 39 3 3 
0.16 34 124 39 3 3 
0.26 38 74 39 3 3 
0.35 31 118 39 3 3 
0.26 33 89 39 3 3 
0.17 36 100 39 3 3 
0.26 38 75 39 3 3 
0.0 34 125 39 3 3 
0.35 31 119 39 3 3 
0.23 33 90 39 3 3 
0.17 36 101 39 3 3 
0.35 31 120 39 3 3 
0.26 38 76 39 3 3 
0.16 34 126 39 3 3 
0.0 33 91 39 3 3 
0.35 31 121 39 3 3 
0.17 36 102 39 3 3 
0.26 38 77 39 3 3 
0.31 35 63 39 3 3 
0.17 33 92 39 3 3 
0.35 31 122 39 3 3 
0.17 36 103 39 3 3 
0.26 38 78 39 3 3 
0.31 35 64 39 3 3 
0.17 33 93 39 3 3 
0.35 31 123 39 3 3 
0.16 36 104 39 3 3 
0.26 38 79 39 3 3 
0.3 35 65 39 3 3 
0.17 33 94 39 3 3 
0.35 31 124 39 3 3 
0.16 36 105 39 3 3 
0.26 38 80 39 3 3 
0.3 35 66 39 3 3 
0.17 33 95 39 3 3 
0.35 31 125 39 3 3 
0.16 36 106 39 3 3 
0.33 31 126 39 3 3 
0.26 38 81 39 3 3 
0.3 35 67 39 3 3 
0.17 33 96 39 3 3 
0.04 32 63 39 3 3 
0.16 36 107 39 3 3 
0.26 38 82 39 3 3 
0.27 35 68 39 3 3 
0.17 33 97 39 3 3 
0.04 32 64 39 3 3 
0.16 36 108 39 3 3 
0.26 38 83 39 3 3 
0.26 35 69 39 3 3 
0.17 33 98 39 3 3 
0.46 32 65 39 3 3 
0.16 36 109 39 3 3 
0.26 38 84 39 3 3 
0.26 35 70 39 3 3 
0.17 33 99 39 3 3 
0.46 32 66 39 3 3 
0.0 38 85 39 3 3 
0.16 36 110 39 3 3 
0.26 35 71 39 3 3 
0.17 33 100 39 3 3 
0.46 32 67 39 3 3 
0.26 38 86 39 3 3 
0.16 36 111 39 3 3 
0.26 35 72 39 3 3 
0.17 33 101 39 3 3 
0.46 32 68 39 3 3 
0.26 38 87 39 3 3 
0.16 36 112 39 3 3 
0.46 32 69 39 3 3 
0.26 35 73 39 3 3 
0.17 33 102 39 3 3 
0.46 32 70 39 3 3 
0.26 38 88 39 3 3 
0.16 36 113 39 3 3 
0.26 35 74 39 3 3 
0.17 33 103 39 3 3 
0.4 32 71 39 3 3 
0.26 38 89 39 3 3 
0.16 36 114 39 3 3 
0.0 35 75 39 3 3 
0.16 33 104 39 3 3 
0.4 32 72 39 3 3 
0.16 36 115 39 3 3 
0.26 35 76 39 3 3 
0.23 38 90 39 3 3 
0.16 33 105 39 3 3 
0.4 32 73 39 3 3 
0.26 35 77 39 3 3 
0.23 38 91 39 3 3 
0.16 36 116 39 3 3 
0.16 33 106 39 3 3 
0.4 32 74 39 3 3 
0.26 35 78 39 3 3 
0.17 38 92 39 3 3 
0.16 36 117 39 3 3 
0.16 33 107 39 3 3 
0.4 32 75 39 3 3 
0.26 35 79 39 3 3 
0.17 38 93 39 3 3 
0.16 36 118 39 3 3 
0.4 32 76 39 3 3 
0.0 33 108 39 3 3 
0.17 38 94 39 3 3 
0.26 35 80 39 3 3 
0.4 32 77 39 3 3 
0.16 36 119 39 3 3 
0.16 33 109 39 3 3 
0.4 32 78 39 3 3 
0.17 38 95 39 3 3 
0.26 35 81 39 3 3 
0.16 36 120 39 3 3 
0.16 33 110 39 3 3 
0.4 32 79 39 3 3 
0.17 38 96 39 3 3 
0.26 35 82 39 3 3 
0.0 36 121 39 3 3 
0.16 33 111 39 3 3 
0.4 32 80 39 3 3 
0.17 38 97 39 3 3 
0.15 36 122 39 3 3 
0.26 35 83 39 3 3 
0.16 33 112 39 3 3 
0.4 32 81 39 3 3 
0.17 38 98 39 3 3 
0.16 36 123 39 3 3 
0.26 35 84 39 3 3 
0.4 32 82 39 3 3 
0.16 33 113 39 3 3 
0.17 38 99 39 3 3 
0.16 36 124 39 3 3 
0.4 32 83 39 3 3 
0.26 35 85 39 3 3 
0.16 33 114 39 3 3 
0.17 38 100 39 3 3 
0.4 32 84 39 3 3 
0.16 36 125 39 3 3 
0.26 35 86 39 3 3 
0.16 33 115 39 3 3 
0.41 32 85 39 3 3 
0.17 38 101 39 3 3 
0.16 36 126 39 3 3 
0.26 35 87 39 3 3 
0.16 33 116 39 3 3 
0.41 32 86 39 3 3 
0.17 38 102 39 3 3 
0.31 37 63 39 3 3 
0.0 35 88 39 3 3 
0.16 33 117 39 3 3 
0.41 32 87 39 3 3 
0.17 38 103 39 3 3 
0.31 37 64 39 3 3 
0.26 35 89 39 3 3 
0.16 33 118 39 3 3 
0.41 32 88 39 3 3 
0.16 38 104 39 3 3 
0.3 37 65 39 3 3 
0.04 32 89 39 3 3 
0.23 35 90 39 3 3 
0.16 33 119 39 3 3 
0.0 38 105 39 3 3 
0.41 32 90 39 3 3 
0.3 37 66 39 3 3 
0.23 35 91 39 3 3 
0.16 33 120 39 3 3 
0.16 38 106 39 3 3 
0.41 32 91 39 3 3 
0.3 37 67 39 3 3 
0.16 33 121 39 3 3 
0.17 35 92 39 3 3 
0.41 32 92 39 3 3 
0.16 38 107 39 3 3 
0.27 37 68 39 3 3 
0.15 33 122 39 3 3 
0.17 35 93 39 3 3 
0.39 32 93 39 3 3 
0.16 38 108 39 3 3 
0.26 37 69 39 3 3 
0.17 35 94 39 3 3 
0.16 33 123 39 3 3 
0.39 32 94 39 3 3 
0.0 38 109 39 3 3 
0.26 37 70 39 3 3 
0.16 33 124 39 3 3 
0.17 35 95 39 3 3 
0.39 32 95 39 3 3 
0.16 38 110 39 3 3 
0.26 37 71 39 3 3 
0.4 32 96 39 3 3 
0.16 33 125 39 3 3 
0.17 35 96 39 3 3 
0.16 38 111 39 3 3 
0.4 32 97 39 3 3 
0.26 37 72 39 3 3 
0.16 33 126 39 3 3 
0.17 35 97 39 3 3 
0.16 38 112 39 3 3 
0.4 32 98 39 3 3 
0.26 37 73 39 3 3 
0.31 34 63 39 3 3 
0.17 35 98 39 3 3 
0.4 32 99 39 3 3 
0.16 38 113 39 3 3 
0.26 37 74 39 3 3 
0.31 34 64 39 3 3 
0.17 35 99 39 3 3 
0.4 32 100 39 3 3 
0.16 38 114 39 3 3 
0.26 37 75 39 3 3 
0.3 34 65 39 3 3 
0.17 35 100 39 3 3 
0.4 32 101 39 3 3 
0.16 38 115 39 3 3 
0.26 37 76 39 3 3 
0.3 34 66 39 3 3 
0.17 35 101 39 3 3 
0.3 39 66 39 3 3 
0.16 38 116 39 3 3 
0.26 37 77 39 3 3 
0.3 34 67 39 3 3 
0.17 35 102 39 3 3 
0.3 39 67 39 3 3 
0.16 38 117 39 3 3 
0.26 37 78 39 3 3 
0.27 34 68 39 3 3 
0.17 35 103 39 3 3 
0.27 39 68 39 3 3 
0.16 38 118 39 3 3 
0.26 34 69 39 3 3 
0.26 37 79 39 3 3 
0.16 35 104 39 3 3 
0.26 39 69 39 3 3 
0.16 38 119 39 3 3 
0.26 34 70 39 3 3 
0.26 37 80 39 3 3 
0.16 35 105 39 3 3 
0.26 39 70 39 3 3 
0.16 38 120 39 3 3 
0.26 34 71 39 3 3 
0.26 37 81 39 3 3 
0.16 35 106 39 3 3 
0.26 39 71 39 3 3 
0.26 34 72 39 3 3 
0.16 38 121 39 3 3 
0.26 37 82 39 3 3 
0.16 35 107 39 3 3 
0.26 39 72 39 3 3 
0.15 38 122 39 3 3 
0.26 34 73 39 3 3 
0.26 37 83 39 3 3 
0.16 35 108 39 3 3 
0.26 39 73 39 3 3 
0.16 38 123 39 3 3 
0.26 34 74 39 3 3 
0.26 37 84 39 3 3 
0.16 35 109 39 3 3 
0.26 39 74 39 3 3 
0.0 38 124 39 3 3 
0.26 34 75 39 3 3 
0.26 37 85 39 3 3 
0.16 35 110 39 3 3 
0.26 39 75 39 3 3 
0.16 38 125 39 3 3 
0.26 34 76 39 3 3 
0.16 35 111 39 3 3 
0.26 37 86 39 3 3 
0.16 38 126 39 3 3 
0.16 40 105 39 3 3 
0.0 39 76 39 3 3 
0.16 35 112 39 3 3 
0.26 37 87 39 3 3 
0.31 39 63 39 3 3 
0.16 40 106 39 3 3 
0.0 39 77 39 3 3 
0.16 35 113 39 3 3 
0.26 37 88 39 3 3 
0.0 39 64 39 3 3 
0.16 40 107 39 3 3 
0.26 39 78 39 3 3 
0.16 35 114 39 3 3 
0.26 37 89 39 3 3 
0.3 39 65 39 3 3 
0.16 40 108 39 3 3 
0.26 39 79 39 3 3 
0.16 35 115 39 3 3 
0.23 37 90 39 3 3 
0.26 42 80 39 3 3 
0.26 39 80 39 3 3 
0.16 40 109 39 3 3 
0.16 43 119 39 3 3 
0.17 45 94 39 3 3 
0.26 39 81 39 3 3 
0.16 40 110 39 3 3 
0.26 42 81 39 3 3 
0.17 45 95 39 3 3 
0.16 43 120 39 3 3 
0.26 39 82 39 3 3 
0.16 40 111 39 3 3 
0.26 42 82 39 3 3 
0.17 45 96 39 3 3 
0.16 43 121 39 3 3 
0.26 39 83 39 3 3 
0.16 40 112 39 3 3 
0.17 45 97 39 3 3 
0.0 42 83 39 3 3 
0.15 43 122 39 3 3 
0.26 39 84 39 3 3 
0.16 40 113 39 3 3 
0.26 42 84 39 3 3 
0.17 45 98 39 3 3 
0.26 39 85 39 3 3 
0.0 43 123 39 3 3 
0.16 40 114 39 3 3 
0.26 42 85 39 3 3 
0.17 45 99 39 3 3 
0.26 39 86 39 3 3 
0.16 43 124 39 3 3 
0.16 40 115 39 3 3 
0.26 42 86 39 3 3 
0.17 45 100 39 3 3 
0.16 43 125 39 3 3 
0.26 39 87 39 3 3 
0.16 40 116 39 3 3 
0.26 42 87 39 3 3 
0.17 45 101 39 3 3 
0.16 43 126 39 3 3 
0.26 42 88 39 3 3 
0.26 39 88 39 3 3 
0.16 40 117 39 3 3 
0.17 45 102 39 3 3 
0.31 44 63 39 3 3 
0.26 42 89 39 3 3 
0.26 39 89 39 3 3 
0.16 40 118 39 3 3 
0.17 45 103 39 3 3 
0.31 44 64 39 3 3 
0.23 42 90 39 3 3 
0.23 39 90 39 3 3 
0.16 40 119 39 3 3 
0.16 45 104 39 3 3 
0.3 44 65 39 3 3 
0.23 42 91 39 3 3 
0.23 39 91 39 3 3 
0.16 40 120 39 3 3 
0.16 45 105 39 3 3 
0.3 44 66 39 3 3 
0.17 42 92 39 3 3 
0.17 39 92 39 3 3 
0.16 40 121 39 3 3 
0.16 45 106 39 3 3 
0.3 44 67 39 3 3 
0.17 42 93 39 3 3 
0.17 39 93 39 3 3 
0.15 40 122 39 3 3 
0.16 45 107 39 3 3 
0.27 44 68 39 3 3 
0.17 42 94 39 3 3 
0.17 39 94 39 3 3 
0.16 45 108 39 3 3 
0.26 44 69 39 3 3 
0.0 40 123 39 3 3 
0.17 39 95 39 3 3 
0.17 42 95 39 3 3 
0.26 44 70 39 3 3 
0.16 45 109 39 3 3 
0.16 40 124 39 3 3 
0.17 39 96 39 3 3 
0.17 42 96 39 3 3 
0.26 44 71 39 3 3 
0.16 45 110 39 3 3 
0.0 40 125 39 3 3 
0.17 39 97 39 3 3 
0.17 42 97 39 3 3 
0.26 44 72 39 3 3 
0.16 45 111 39 3 3 
0.16 40 126 39 3 3 
0.17 39 98 39 3 3 
0.17 42 98 39 3 3 
0.26 44 73 39 3 3 
0.16 45 112 39 3 3 
0.31 41 63 39 3 3 
0.17 39 99 39 3 3 
0.17 42 99 39 3 3 
0.26 44 74 39 3 3 
0.16 45 113 39 3 3 
0.31 41 64 39 3 3 
0.17 39 100 39 3 3 
0.17 42 100 39 3 3 
0.26 44 75 39 3 3 
0.16 45 114 39 3 3 
0.3 41 65 39 3 3 
0.17 39 101 39 3 3 
0.17 42 101 39 3 3 
0.26 44 76 39 3 3 
0.3 41 66 39 3 3 
0.16 45 115 39 3 3 
0.17 39 102 39 3 3 
0.26 44 77 39 3 3 
0.17 42 102 39 3 3 
0.3 41 67 39 3 3 
0.16 45 116 39 3 3 
0.0 44 78 39 3 3 
0.17 42 103 39 3 3 
0.17 39 103 39 3 3 
0.27 41 68 39 3 3 
0.16 45 117 39 3 3 
0.16 42 104 39 3 3 
0.26 44 79 39 3 3 
0.16 39 104 39 3 3 
0.26 41 69 39 3 3 
0.16 45 118 39 3 3 
0.16 39 105 39 3 3 
0.26 44 80 39 3 3 
0.16 42 105 39 3 3 
0.26 41 70 39 3 3 
0.16 45 119 39 3 3 
0.16 39 106 39 3 3 
0.26 44 81 39 3 3 
0.16 42 106 39 3 3 
0.26 41 71 39 3 3 
0.16 45 120 39 3 3 
0.26 44 82 39 3 3 
0.16 39 107 39 3 3 
0.16 42 107 39 3 3 
0.26 41 72 39 3 3 
0.16 45 121 39 3 3 
0.26 44 83 39 3 3 
0.16 39 108 39 3 3 
0.16 42 108 39 3 3 
0.26 41 73 39 3 3 
0.15 45 122 39 3 3 
0.26 44 84 39 3 3 
0.16 39 109 39 3 3 
0.16 42 109 39 3 3 
0.0 41 74 39 3 3 
0.0 45 123 39 3 3 
0.26 44 85 39 3 3 
0.16 39 110 39 3 3 
0.16 42 110 39 3 3 
0.0 41 75 39 3 3 
0.16 45 124 39 3 3 
0.16 39 111 39 3 3 
0.26 44 86 39 3 3 
0.16 42 111 39 3 3 
0.26 41 76 39 3 3 
0.16 45 125 39 3 3 
0.16 39 112 39 3 3 
0.26 44 87 39 3 3 
0.16 42 112 39 3 3 
0.26 41 77 39 3 3 
0.16 45 126 39 3 3 
0.16 39 113 39 3 3 
0.26 44 88 39 3 3 
0.16 42 113 39 3 3 
0.26 41 78 39 3 3 
0.31 46 63 39 3 3 
0.16 39 114 39 3 3 
0.26 44 89 39 3 3 
0.16 42 114 39 3 3 
0.26 41 79 39 3 3 
0.31 46 64 39 3 3 
0.0 39 115 39 3 3 
0.23 44 90 39 3 3 
0.26 41 80 39 3 3 
0.16 42 115 39 3 3 
0.3 46 65 39 3 3 
0.16 39 116 39 3 3 
0.23 44 91 39 3 3 
0.26 41 81 39 3 3 
0.16 42 116 39 3 3 
0.3 46 66 39 3 3 
0.16 39 117 39 3 3 
0.17 44 92 39 3 3 
0.26 41 82 39 3 3 
0.16 42 117 39 3 3 
0.3 46 67 39 3 3 
0.16 39 118 39 3 3 
0.17 44 93 39 3 3 
0.26 41 83 39 3 3 
0.0 42 118 39 3 3 
0.27 46 68 39 3 3 
0.16 39 119 39 3 3 
0.17 44 94 39 3 3 
0.26 41 84 39 3 3 
0.16 42 119 39 3 3 
0.26 46 69 39 3 3 
0.16 39 120 39 3 3 
0.17 44 95 39 3 3 
0.16 42 120 39 3 3 
0.26 41 85 39 3 3 
0.26 46 70 39 3 3 
0.16 39 121 39 3 3 
0.17 44 96 39 3 3 
0.16 42 121 39 3 3 
0.26 41 86 39 3 3 
0.26 46 71 39 3 3 
0.15 39 122 39 3 3 
0.17 44 97 39 3 3 
0.26 41 87 39 3 3 
0.15 42 122 39 3 3 
0.26 46 72 39 3 3 
0.16 39 123 39 3 3 
0.17 44 98 39 3 3 
0.26 41 88 39 3 3 
0.16 42 123 39 3 3 
0.26 46 73 39 3 3 
0.16 39 124 39 3 3 
0.17 44 99 39 3 3 
0.16 42 124 39 3 3 
0.26 41 89 39 3 3 
0.26 46 74 39 3 3 
0.16 39 125 39 3 3 
0.0 44 100 39 3 3 
0.16 42 125 39 3 3 
0.23 41 90 39 3 3 
0.26 46 75 39 3 3 
0.16 39 126 39 3 3 
0.17 44 101 39 3 3 
0.16 42 126 39 3 3 
0.23 41 91 39 3 3 
0.26 46 76 39 3 3 
0.31 40 63 39 3 3 
0.17 44 102 39 3 3 
0.31 43 63 39 3 3 
0.17 41 92 39 3 3 
0.26 46 77 39 3 3 
0.31 40 64 39 3 3 
0.17 44 103 39 3 3 
0.31 43 64 39 3 3 
0.17 41 93 39 3 3 
0.26 46 78 39 3 3 
0.3 40 65 39 3 3 
0.16 44 104 39 3 3 
0.3 43 65 39 3 3 
0.17 41 94 39 3 3 
0.26 46 79 39 3 3 
0.3 40 66 39 3 3 
0.16 44 105 39 3 3 
0.3 43 66 39 3 3 
0.17 41 95 39 3 3 
0.26 46 80 39 3 3 
0.3 40 67 39 3 3 
0.16 44 106 39 3 3 
0.0 43 67 39 3 3 
0.17 41 96 39 3 3 
0.26 46 81 39 3 3 
0.27 40 68 39 3 3 
0.16 44 107 39 3 3 
0.27 43 68 39 3 3 
0.17 41 97 39 3 3 
0.26 46 82 39 3 3 
0.26 40 69 39 3 3 
0.16 44 108 39 3 3 
0.26 43 69 39 3 3 
0.17 41 98 39 3 3 
0.26 46 83 39 3 3 
0.26 40 70 39 3 3 
0.16 44 109 39 3 3 
0.26 43 70 39 3 3 
0.17 41 99 39 3 3 
0.26 46 84 39 3 3 
0.26 40 71 39 3 3 
0.16 44 110 39 3 3 
0.26 43 71 39 3 3 
0.17 41 100 39 3 3 
0.26 46 85 39 3 3 
0.26 40 72 39 3 3 
0.16 44 111 39 3 3 
0.26 43 72 39 3 3 
0.0 41 101 39 3 3 
0.26 46 86 39 3 3 
0.26 40 73 39 3 3 
0.16 44 112 39 3 3 
0.26 43 73 39 3 3 
0.17 41 102 39 3 3 
0.26 46 87 39 3 3 
0.26 40 74 39 3 3 
0.16 44 113 39 3 3 
0.26 43 74 39 3 3 
0.0 41 103 39 3 3 
0.26 46 88 39 3 3 
0.26 40 75 39 3 3 
0.16 44 114 39 3 3 
0.26 43 75 39 3 3 
0.16 41 104 39 3 3 
0.26 46 89 39 3 3 
0.26 40 76 39 3 3 
0.16 44 115 39 3 3 
0.26 43 76 39 3 3 
0.16 41 105 39 3 3 
0.26 40 77 39 3 3 
0.23 46 90 39 3 3 
0.16 44 116 39 3 3 
0.26 43 77 39 3 3 
0.16 41 106 39 3 3 
0.23 46 91 39 3 3 
0.26 40 78 39 3 3 
0.16 44 117 39 3 3 
0.0 43 78 39 3 3 
0.0 41 107 39 3 3 
0.17 46 92 39 3 3 
0.26 40 79 39 3 3 
0.16 44 118 39 3 3 
0.26 43 79 39 3 3 
0.16 41 108 39 3 3 
0.17 46 93 39 3 3 
0.26 40 80 39 3 3 
0.16 44 119 39 3 3 
0.26 43 80 39 3 3 
0.16 41 109 39 3 3 
0.26 40 81 39 3 3 
0.17 46 94 39 3 3 
0.16 44 120 39 3 3 
0.26 43 81 39 3 3 
0.16 41 110 39 3 3 
0.26 40 82 39 3 3 
0.17 46 95 39 3 3 
0.26 43 82 39 3 3 
0.16 44 121 39 3 3 
0.16 41 111 39 3 3 
0.0 46 96 39 3 3 
0.26 40 83 39 3 3 
0.26 43 83 39 3 3 
0.15 44 122 39 3 3 
0.16 41 112 39 3 3 
0.17 46 97 39 3 3 
0.26 40 84 39 3 3 
0.16 44 123 39 3 3 
0.16 41 113 39 3 3 
0.26 43 84 39 3 3 
0.17 46 98 39 3 3 
0.26 40 85 39 3 3 
0.16 44 124 39 3 3 
0.26 43 85 39 3 3 
0.16 41 114 39 3 3 
0.17 46 99 39 3 3 
0.26 40 86 39 3 3 
0.16 44 125 39 3 3 
0.26 43 86 39 3 3 
0.16 41 115 39 3 3 
0.17 46 100 39 3 3 
0.26 40 87 39 3 3 
0.16 44 126 39 3 3 
0.26 43 87 39 3 3 
0.16 41 116 39 3 3 
0.17 46 101 39 3 3 
0.26 40 88 39 3 3 
0.31 45 63 39 3 3 
0.26 43 88 39 3 3 
0.16 41 117 39 3 3 
0.17 46 102 39 3 3 
0.26 40 89 39 3 3 
0.31 45 64 39 3 3 
0.26 43 89 39 3 3 
0.16 41 118 39 3 3 
0.17 46 103 39 3 3 
0.23 40 90 39 3 3 
0.3 45 65 39 3 3 
0.0 43 90 39 3 3 
0.16 41 119 39 3 3 
0.16 46 104 39 3 3 
0.23 40 91 39 3 3 
0.0 45 66 39 3 3 
0.23 43 91 39 3 3 
0.16 41 120 39 3 3 
0.16 46 105 39 3 3 
0.17 40 92 39 3 3 
0.3 45 67 39 3 3 
0.17 43 92 39 3 3 
0.16 46 106 39 3 3 
0.17 40 93 39 3 3 
0.16 41 121 39 3 3 
0.27 45 68 39 3 3 
0.17 43 93 39 3 3 
0.16 46 107 39 3 3 
0.15 41 122 39 3 3 
0.17 40 94 39 3 3 
0.26 45 69 39 3 3 
0.0 43 94 39 3 3 
0.16 46 108 39 3 3 
0.16 41 123 39 3 3 
0.17 40 95 39 3 3 
0.26 45 70 39 3 3 
0.17 43 95 39 3 3 
0.16 46 109 39 3 3 
0.16 41 124 39 3 3 
0.17 40 96 39 3 3 
0.26 45 71 39 3 3 
0.17 43 96 39 3 3 
0.16 46 110 39 3 3 
0.17 40 97 39 3 3 
0.16 41 125 39 3 3 
0.26 45 72 39 3 3 
0.17 43 97 39 3 3 
0.16 46 111 39 3 3 
0.16 41 126 39 3 3 
0.0 40 98 39 3 3 
0.26 45 73 39 3 3 
0.17 43 98 39 3 3 
0.16 46 112 39 3 3 
0.17 40 99 39 3 3 
0.31 42 63 39 3 3 
0.26 45 74 39 3 3 
0.0 43 99 39 3 3 
0.17 40 100 39 3 3 
0.16 46 113 39 3 3 
0.31 42 64 39 3 3 
0.26 45 75 39 3 3 
0.17 40 101 39 3 3 
0.17 43 100 39 3 3 
0.16 46 114 39 3 3 
0.3 42 65 39 3 3 
0.26 45 76 39 3 3 
0.17 43 101 39 3 3 
0.17 40 102 39 3 3 
0.16 46 115 39 3 3 
0.0 42 66 39 3 3 
0.26 45 77 39 3 3 
0.17 40 103 39 3 3 
0.17 43 102 39 3 3 
0.16 46 116 39 3 3 
0.3 42 67 39 3 3 
0.26 45 78 39 3 3 
0.16 40 104 39 3 3 
0.17 43 103 39 3 3 
0.16 46 117 39 3 3 
0.27 42 68 39 3 3 
0.26 45 79 39 3 3 
0.26 47 69 39 3 3 
0.16 43 104 39 3 3 
0.16 46 118 39 3 3 
0.26 42 69 39 3 3 
0.26 45 80 39 3 3 
0.26 47 70 39 3 3 
0.16 43 105 39 3 3 
0.16 46 119 39 3 3 
0.26 42 70 39 3 3 
0.26 45 81 39 3 3 
0.16 43 106 39 3 3 
0.26 47 71 39 3 3 
0.16 46 120 39 3 3 
0.26 42 71 39 3 3 
0.26 45 82 39 3 3 
0.16 43 107 39 3 3 
0.26 47 72 39 3 3 
0.26 42 72 39 3 3 
0.16 46 121 39 3 3 
0.26 45 83 39 3 3 
0.16 43 108 39 3 3 
0.26 47 73 39 3 3 
0.26 42 73 39 3 3 
0.15 46 122 39 3 3 
0.26 45 84 39 3 3 
0.26 47 74 39 3 3 
0.26 42 74 39 3 3 
0.16 46 123 39 3 3 
0.16 43 109 39 3 3 
0.26 45 85 39 3 3 
0.26 47 75 39 3 3 
0.0 42 75 39 3 3 
0.0 46 124 39 3 3 
0.16 43 110 39 3 3 
0.26 45 86 39 3 3 
0.26 47 76 39 3 3 
0.16 43 111 39 3 3 
0.26 42 76 39 3 3 
0.16 46 125 39 3 3 
0.26 45 87 39 3 3 
0.26 47 77 39 3 3 
0.26 42 77 39 3 3 
0.16 46 126 39 3 3 
0.16 43 112 39 3 3 
0.26 45 88 39 3 3 
0.26 47 78 39 3 3 
0.26 42 78 39 3 3 
0.31 47 63 39 3 3 
0.16 43 113 39 3 3 
0.26 45 89 39 3 3 
0.26 47 79 39 3 3 
0.26 42 79 39 3 3 
0.31 47 64 39 3 3 
0.16 43 114 39 3 3 
0.23 45 90 39 3 3 
0.26 47 80 39 3 3 
0.16 48 108 39 3 3 
0.3 47 65 39 3 3 
0.16 43 115 39 3 3 
0.23 45 91 39 3 3 
0.26 47 81 39 3 3 
0.16 48 109 39 3 3 
0.3 47 66 39 3 3 
0.16 43 116 39 3 3 
0.0 45 92 39 3 3 
0.26 47 82 39 3 3 
0.16 48 110 39 3 3 
0.3 47 67 39 3 3 
0.16 43 117 39 3 3 
0.17 45 93 39 3 3 
0.26 47 83 39 3 3 
0.16 48 111 39 3 3 
0.27 47 68 39 3 3 
0.16 43 118 39 3 3 
0.26 50 83 39 3 3 
0.26 47 84 39 3 3 
0.16 48 112 39 3 3 
0.15 51 122 39 3 3 
0.17 53 97 39 3 3 
0.26 50 84 39 3 3 
0.26 47 85 39 3 3 
0.16 48 113 39 3 3 
0.16 51 123 39 3 3 
0.17 53 98 39 3 3 
0.26 50 85 39 3 3 
0.26 47 86 39 3 3 
0.0 48 114 39 3 3 
0.16 51 124 39 3 3 
0.17 53 99 39 3 3 
0.26 50 86 39 3 3 
0.26 47 87 39 3 3 
0.16 48 115 39 3 3 
0.16 51 125 39 3 3 
0.0 53 100 39 3 3 
0.26 50 87 39 3 3 
0.26 47 88 39 3 3 
0.16 48 116 39 3 3 
0.16 51 126 39 3 3 
0.17 53 101 39 3 3 
0.26 50 88 39 3 3 
0.26 47 89 39 3 3 
0.31 52 63 39 3 3 
0.16 48 117 39 3 3 
0.17 53 102 39 3 3 
0.26 50 89 39 3 3 
0.23 47 90 39 3 3 
0.31 52 64 39 3 3 
0.16 48 118 39 3 3 
0.17 53 103 39 3 3 
0.23 50 90 39 3 3 
0.23 47 91 39 3 3 
0.3 52 65 39 3 3 
0.16 48 119 39 3 3 
0.16 53 104 39 3 3 
0.23 50 91 39 3 3 
0.17 47 92 39 3 3 
0.3 52 66 39 3 3 
0.16 48 120 39 3 3 
0.16 53 105 39 3 3 
0.17 50 92 39 3 3 
0.17 47 93 39 3 3 
0.3 52 67 39 3 3 
0.16 48 121 39 3 3 
0.16 53 106 39 3 3 
0.17 50 93 39 3 3 
0.17 47 94 39 3 3 
0.27 52 68 39 3 3 
0.16 53 107 39 3 3 
0.15 48 122 39 3 3 
0.17 50 94 39 3 3 
0.17 47 95 39 3 3 
0.26 52 69 39 3 3 
0.16 53 108 39 3 3 
0.16 48 123 39 3 3 
0.17 50 95 39 3 3 
0.17 47 96 39 3 3 
0.26 52 70 39 3 3 
0.16 53 109 39 3 3 
0.16 48 124 39 3 3 
0.17 50 96 39 3 3 
0.17 47 97 39 3 3 
0.26 52 71 39 3 3 
0.16 53 110 39 3 3 
0.16 48 125 39 3 3 
0.17 50 97 39 3 3 
0.17 47 98 39 3 3 
0.26 52 72 39 3 3 
0.16 53 111 39 3 3 
0.16 48 126 39 3 3 
0.17 47 99 39 3 3 
0.17 50 98 39 3 3 
0.26 52 73 39 3 3 
0.16 53 112 39 3 3 
0.31 49 63 39 3 3 
0.17 50 99 39 3 3 
0.17 47 100 39 3 3 
0.26 52 74 39 3 3 
0.16 53 113 39 3 3 
0.31 49 64 39 3 3 
0.17 50 100 39 3 3 
0.17 47 101 39 3 3 
0.26 52 75 39 3 3 
0.16 53 114 39 3 3 
0.3 49 65 39 3 3 
0.17 50 101 39 3 3 
0.17 47 102 39 3 3 
0.0 52 76 39 3 3 
0.16 53 115 39 3 3 
0.3 49 66 39 3 3 
0.17 50 102 39 3 3 
0.17 47 103 39 3 3 
0.26 52 77 39 3 3 
0.16 53 116 39 3 3 
0.3 49 67 39 3 3 
0.17 50 103 39 3 3 
0.16 47 104 39 3 3 
0.26 52 78 39 3 3 
0.16 53 117 39 3 3 
0.27 49 68 39 3 3 
0.16 50 104 39 3 3 
0.16 47 105 39 3 3 
0.26 52 79 39 3 3 
0.16 53 118 39 3 3 
0.26 49 69 39 3 3 
0.16 50 105 39 3 3 
0.16 47 106 39 3 3 
0.0 52 80 39 3 3 
0.16 53 119 39 3 3 
0.26 49 70 39 3 3 
0.16 50 106 39 3 3 
0.16 47 107 39 3 3 
0.26 52 81 39 3 3 
0.16 53 120 39 3 3 
0.26 49 71 39 3 3 
0.16 50 107 39 3 3 
0.16 47 108 39 3 3 
0.26 52 82 39 3 3 
0.16 53 121 39 3 3 
0.26 49 72 39 3 3 
0.16 50 108 39 3 3 
0.16 47 109 39 3 3 
0.26 52 83 39 3 3 
0.15 53 122 39 3 3 
0.26 49 73 39 3 3 
0.16 50 109 39 3 3 
0.16 47 110 39 3 3 
0.26 52 84 39 3 3 
0.16 53 123 39 3 3 
0.26 49 74 39 3 3 
0.16 50 110 39 3 3 
0.16 47 111 39 3 3 
0.16 53 124 39 3 3 
0.0 52 85 39 3 3 
0.26 49 75 39 3 3 
0.16 50 111 39 3 3 
0.16 47 112 39 3 3 
0.16 53 125 39 3 3 
0.26 52 86 39 3 3 
0.26 49 76 39 3 3 
0.16 50 112 39 3 3 
0.16 47 113 39 3 3 
0.16 53 126 39 3 3 
0.26 52 87 39 3 3 
0.16 50 113 39 3 3 
0.26 49 77 39 3 3 
0.0 47 114 39 3 3 
0.0 54 63 39 3 3 
0.26 52 88 39 3 3 
0.26 49 78 39 3 3 
0.16 50 114 39 3 3 
0.16 47 115 39 3 3 
0.26 52 89 39 3 3 
0.31 54 64 39 3 3 
0.26 49 79 39 3 3 
0.16 50 115 39 3 3 
0.16 47 116 39 3 3 
0.23 52 90 39 3 3 
0.3 54 65 39 3 3 
0.26 49 80 39 3 3 
0.16 50 116 39 3 3 
0.16 47 117 39 3 3 
0.23 52 91 39 3 3 
0.3 54 66 39 3 3 
0.16 50 117 39 3 3 
0.26 49 81 39 3 3 
0.16 47 118 39 3 3 
0.0 52 92 39 3 3 
0.3 54 67 39 3 3 
0.26 49 82 39 3 3 
0.16 50 118 39 3 3 
0.17 52 93 39 3 3 
0.16 47 119 39 3 3 
0.27 54 68 39 3 3 
0.26 49 83 39 3 3 
0.16 50 119 39 3 3 
0.17 52 94 39 3 3 
0.16 47 120 39 3 3 
0.26 54 69 39 3 3 
0.26 49 84 39 3 3 
0.16 50 120 39 3 3 
0.16 47 121 39 3 3 
0.17 52 95 39 3 3 
0.26 54 70 39 3 3 
0.26 49 85 39 3 3 
0.16 50 121 39 3 3 
0.17 52 96 39 3 3 
0.15 47 122 39 3 3 
0.26 54 71 39 3 3 
0.26 49 86 39 3 3 
0.15 50 122 39 3 3 
0.17 52 97 39 3 3 
0.26 54 72 39 3 3 
0.16 47 123 39 3 3 
0.26 49 87 39 3 3 
0.16 50 123 39 3 3 
0.17 52 98 39 3 3 
0.16 47 124 39 3 3 
0.26 54 73 39 3 3 
0.26 49 88 39 3 3 
0.16 50 124 39 3 3 
0.17 52 99 39 3 3 
0.16 47 125 39 3 3 
0.26 54 74 39 3 3 
0.26 49 89 39 3 3 
0.16 50 125 39 3 3 
0.17 52 100 39 3 3 
0.26 54 75 39 3 3 
0.16 47 126 39 3 3 
0.23 49 90 39 3 3 
0.16 50 126 39 3 3 
0.26 54 76 39 3 3 
0.17 52 101 39 3 3 
0.31 48 63 39 3 3 
0.23 49 91 39 3 3 
0.31 51 63 39 3 3 
0.26 54 77 39 3 3 
0.31 48 64 39 3 3 
0.17 52 102 39 3 3 
0.17 49 92 39 3 3 
0.31 51 64 39 3 3 
0.26 54 78 39 3 3 
0.3 48 65 39 3 3 
0.17 52 103 39 3 3 
0.17 49 93 39 3 3 
0.3 51 65 39 3 3 
0.26 54 79 39 3 3 
0.3 48 66 39 3 3 
0.16 52 104 39 3 3 
0.17 49 94 39 3 3 
0.3 51 66 39 3 3 
0.3 48 67 39 3 3 
0.26 54 80 39 3 3 
0.16 52 105 39 3 3 
0.17 49 95 39 3 3 
0.0 51 67 39 3 3 
0.26 54 81 39 3 3 
0.27 48 68 39 3 3 
0.16 52 106 39 3 3 
0.0 49 96 39 3 3 
0.27 51 68 39 3 3 
0.26 54 82 39 3 3 
0.26 48 69 39 3 3 
0.16 52 107 39 3 3 
0.17 49 97 39 3 3 
0.26 51 69 39 3 3 
0.26 54 83 39 3 3 
0.26 48 70 39 3 3 
0.16 52 108 39 3 3 
0.17 49 98 39 3 3 
0.26 51 70 39 3 3 
0.26 54 84 39 3 3 
0.26 48 71 39 3 3 
0.16 52 109 39 3 3 
0.17 49 99 39 3 3 
0.26 51 71 39 3 3 
0.26 54 85 39 3 3 
0.26 48 72 39 3 3 
0.16 52 110 39 3 3 
0.17 49 100 39 3 3 
0.26 51 72 39 3 3 
0.26 48 73 39 3 3 
0.26 54 86 39 3 3 
0.16 52 111 39 3 3 
0.17 49 101 39 3 3 
0.26 51 73 39 3 3 
0.26 48 74 39 3 3 
0.26 54 87 39 3 3 
0.16 52 112 39 3 3 
0.17 49 102 39 3 3 
0.26 51 74 39 3 3 
0.26 48 75 39 3 3 
0.26 54 88 39 3 3 
0.17 49 103 39 3 3 
0.16 52 113 39 3 3 
0.26 51 75 39 3 3 
0.26 54 89 39 3 3 
0.26 48 76 39 3 3 
0.16 49 104 39 3 3 
0.16 52 114 39 3 3 
0.26 51 76 39 3 3 
0.23 54 90 39 3 3 
0.26 48 77 39 3 3 
0.16 49 105 39 3 3 
0.16 52 115 39 3 3 
0.26 51 77 39 3 3 
0.23 54 91 39 3 3 
0.26 48 78 39 3 3 
0.16 49 106 39 3 3 
0.16 52 116 39 3 3 
0.26 51 78 39 3 3 
0.17 54 92 39 3 3 
0.26 48 79 39 3 3 
0.16 49 107 39 3 3 
0.16 52 117 39 3 3 
0.26 51 79 39 3 3 
0.17 54 93 39 3 3 
0.26 48 80 39 3 3 
0.16 52 118 39 3 3 
0.16 49 108 39 3 3 
0.26 51 80 39 3 3 
0.17 54 94 39 3 3 
0.16 52 119 39 3 3 
0.26 48 81 39 3 3 
0.16 49 109 39 3 3 
0.26 51 81 39 3 3 
0.17 54 95 39 3 3 
0.26 48 82 39 3 3 
0.0 52 120 39 3 3 
0.16 49 110 39 3 3 
0.26 51 82 39 3 3 
0.17 54 96 39 3 3 
0.26 48 83 39 3 3 
0.16 52 121 39 3 3 
0.16 49 111 39 3 3 
0.26 51 83 39 3 3 
0.17 54 97 39 3 3 
0.15 52 122 39 3 3 
0.26 48 84 39 3 3 
0.16 49 112 39 3 3 
0.26 51 84 39 3 3 
0.17 54 98 39 3 3 
0.26 48 85 39 3 3 
0.16 52 123 39 3 3 
0.16 49 113 39 3 3 
0.26 51 85 39 3 3 
0.17 54 99 39 3 3 
0.26 48 86 39 3 3 
0.16 49 114 39 3 3 
0.16 52 124 39 3 3 
0.26 51 86 39 3 3 
0.17 54 100 39 3 3 
0.26 48 87 39 3 3 
0.16 49 115 39 3 3 
0.16 52 125 39 3 3 
0.26 51 87 39 3 3 
0.17 54 101 39 3 3 
0.26 48 88 39 3 3 
0.16 52 126 39 3 3 
0.16 49 116 39 3 3 
0.26 51 88 39 3 3 
0.17 54 102 39 3 3 
0.26 48 89 39 3 3 
0.16 49 117 39 3 3 
0.31 53 63 39 3 3 
0.26 51 89 39 3 3 
0.17 54 103 39 3 3 
0.16 49 118 39 3 3 
0.23 48 90 39 3 3 
0.31 53 64 39 3 3 
0.23 51 90 39 3 3 
0.0 54 104 39 3 3 
0.3 53 65 39 3 3 
0.23 48 91 39 3 3 
0.16 49 119 39 3 3 
0.23 51 91 39 3 3 
0.16 54 105 39 3 3 
0.3 53 66 39 3 3 
0.17 48 92 39 3 3 
0.16 49 120 39 3 3 
0.17 51 92 39 3 3 
0.16 54 106 39 3 3 
0.3 53 67 39 3 3 
0.16 49 121 39 3 3 
0.17 48 93 39 3 3 
0.17 51 93 39 3 3 
0.16 54 107 39 3 3 
0.15 49 122 39 3 3 
0.27 53 68 39 3 3 
0.17 48 94 39 3 3 
0.17 51 94 39 3 3 
0.16 54 108 39 3 3 
0.0 53 69 39 3 3 
0.16 49 123 39 3 3 
0.17 48 95 39 3 3 
0.17 51 95 39 3 3 
0.16 54 109 39 3 3 
0.16 49 124 39 3 3 
0.26 53 70 39 3 3 
0.17 48 96 39 3 3 
0.17 51 96 39 3 3 
0.16 54 110 39 3 3 
0.26 53 71 39 3 3 
0.16 49 125 39 3 3 
0.17 48 97 39 3 3 
0.17 51 97 39 3 3 
0.16 54 111 39 3 3 
0.26 53 72 39 3 3 
0.16 49 126 39 3 3 
0.17 48 98 39 3 3 
0.17 51 98 39 3 3 
0.16 54 112 39 3 3 
0.26 53 73 39 3 3 
0.31 50 63 39 3 3 
0.17 48 99 39 3 3 
0.17 51 99 39 3 3 
0.16 54 113 39 3 3 
0.26 53 74 39 3 3 
0.31 50 64 39 3 3 
0.17 48 100 39 3 3 
0.16 54 114 39 3 3 
0.17 51 100 39 3 3 
0.26 53 75 39 3 3 
0.3 50 65 39 3 3 
0.17 48 101 39 3 3 
0.16 54 115 39 3 3 
0.17 51 101 39 3 3 
0.26 53 76 39 3 3 
0.3 50 66 39 3 3 
0.17 48 102 39 3 3 
0.16 54 116 39 3 3 
0.17 51 102 39 3 3 
0.26 53 77 39 3 3 
0.3 50 67 39 3 3 
0.17 48 103 39 3 3 
0.16 54 117 39 3 3 
0.17 51 103 39 3 3 
0.26 53 78 39 3 3 
0.27 50 68 39 3 3 
0.16 48 104 39 3 3 
0.16 54 118 39 3 3 
0.16 51 104 39 3 3 
0.26 53 79 39 3 3 
0.26 50 69 39 3 3 
0.16 48 105 39 3 3 
0.16 54 119 39 3 3 
0.16 51 105 39 3 3 
0.26 53 80 39 3 3 
0.26 50 70 39 3 3 
0.16 48 106 39 3 3 
0.16 54 120 39 3 3 
0.16 51 106 39 3 3 
0.26 53 81 39 3 3 
0.26 50 71 39 3 3 
0.16 54 121 39 3 3 
0.16 48 107 39 3 3 
0.16 51 107 39 3 3 
0.26 53 82 39 3 3 
0.26 50 72 39 3 3 
0.0 54 122 39 3 3 
0.26 55 72 39 3 3 
0.16 51 108 39 3 3 
0.26 53 83 39 3 3 
0.0 50 73 39 3 3 
0.16 54 123 39 3 3 
0.26 55 73 39 3 3 
0.16 51 109 39 3 3 
0.26 53 84 39 3 3 
0.26 50 74 39 3 3 
0.16 54 124 39 3 3 
0.26 55 74 39 3 3 
0.16 51 110 39 3 3 
0.26 53 85 39 3 3 
0.26 50 75 39 3 3 
0.16 54 125 39 3 3 
0.26 55 75 39 3 3 
0.16 51 111 39 3 3 
0.26 53 86 39 3 3 
0.26 50 76 39 3 3 
0.16 51 112 39 3 3 
0.16 54 126 39 3 3 
0.26 55 76 39 3 3 
0.26 53 87 39 3 3 
0.26 50 77 39 3 3 
0.16 51 113 39 3 3 
0.31 55 63 39 3 3 
0.26 55 77 39 3 3 
0.26 53 88 39 3 3 
0.26 50 78 39 3 3 
0.16 51 114 39 3 3 
0.31 55 64 39 3 3 
0.26 55 78 39 3 3 
0.26 53 89 39 3 3 
0.26 50 79 39 3 3 
0.16 51 115 39 3 3 
0.3 55 65 39 3 3 
0.26 55 79 39 3 3 
0.23 53 90 39 3 3 
0.26 50 80 39 3 3 
0.16 51 116 39 3 3 
0.26 55 80 39 3 3 
0.3 55 66 39 3 3 
0.23 53 91 39 3 3 
0.26 50 81 39 3 3 
0.16 51 117 39 3 3 
0.26 55 81 39 3 3 
0.3 55 67 39 3 3 
0.17 53 92 39 3 3 
0.26 50 82 39 3 3 
0.16 51 118 39 3 3 
0.27 55 68 39 3 3 
0.26 55 82 39 3 3 
0.17 53 93 39 3 3 
0.16 56 111 39 3 3 
0.26 55 69 39 3 3 
0.17 53 94 39 3 3 
0.16 51 119 39 3 3 
0.26 55 83 39 3 3 
0.16 56 112 39 3 3 
0.26 55 70 39 3 3 
0.16 51 120 39 3 3 
0.17 53 95 39 3 3 
0.26 55 84 39 3 3 
0.16 56 113 39 3 3 
0.26 55 71 39 3 3 
0.17 53 96 39 3 3 
0.16 51 121 39 3 3 
0.26 55 85 39 3 3 
0.16 56 114 39 3 3 
0.26 58 86 39 3 3 
0.16 59 125 39 3 3 
0.17 61 100 39 3 3 
0.26 55 86 39 3 3 
0.16 56 115 39 3 3 
0.26 58 87 39 3 3 
0.16 59 126 39 3 3 
0.17 61 101 39 3 3 
0.26 55 87 39 3 3 
0.16 56 116 39 3 3 
0.26 58 88 39 3 3 
0.31 60 63 39 3 3 
0.26 55 88 39 3 3 
0.16 56 117 39 3 3 
0.17 61 102 39 3 3 
0.26 58 89 39 3 3 
0.31 60 64 39 3 3 
0.26 55 89 39 3 3 
0.16 56 118 39 3 3 
0.17 61 103 39 3 3 
0.23 58 90 39 3 3 
0.23 55 90 39 3 3 
0.3 60 65 39 3 3 
0.16 56 119 39 3 3 
0.16 61 104 39 3 3 
0.23 58 91 39 3 3 
0.23 55 91 39 3 3 
0.3 60 66 39 3 3 
0.16 56 120 39 3 3 
0.16 61 105 39 3 3 
0.0 58 92 39 3 3 
0.17 55 92 39 3 3 
0.3 60 67 39 3 3 
0.16 56 121 39 3 3 
0.16 61 106 39 3 3 
0.17 58 93 39 3 3 
0.17 55 93 39 3 3 
0.27 60 68 39 3 3 
0.0 56 122 39 3 3 
0.16 61 107 39 3 3 
0.0 58 94 39 3 3 
0.17 55 94 39 3 3 
0.26 60 69 39 3 3 
0.16 56 123 39 3 3 
0.16 61 108 39 3 3 
0.17 58 95 39 3 3 
0.17 55 95 39 3 3 
0.26 60 70 39 3 3 
0.16 56 124 39 3 3 
0.16 61 109 39 3 3 
0.17 58 96 39 3 3 
0.17 55 96 39 3 3 
0.26 60 71 39 3 3 
0.16 56 125 39 3 3 
0.16 61 110 39 3 3 
0.17 55 97 39 3 3 
0.17 58 97 39 3 3 
0.26 60 72 39 3 3 
0.16 56 126 39 3 3 
0.16 61 111 39 3 3 
0.17 55 98 39 3 3 
0.17 58 98 39 3 3 
0.26 60 73 39 3 3 
0.31 57 63 39 3 3 
0.16 61 112 39 3 3 
0.17 55 99 39 3 3 
0.17 58 99 39 3 3 
0.26 60 74 39 3 3 
0.31 57 64 39 3 3 
0.16 61 113 39 3 3 
0.17 55 100 39 3 3 
0.26 60 75 39 3 3 
0.17 58 100 39 3 3 
0.3 57 65 39 3 3 
0.16 61 114 39 3 3 
0.17 55 101 39 3 3 
0.26 60 76 39 3 3 
0.17 58 101 39 3 3 
0.3 57 66 39 3 3 
0.16 61 115 39 3 3 
0.17 55 102 39 3 3 
0.26 60 77 39 3 3 
0.17 58 102 39 3 3 
0.3 57 67 39 3 3 
0.16 61 116 39 3 3 
0.17 55 103 39 3 3 
0.26 60 78 39 3 3 
0.17 58 103 39 3 3 
0.27 57 68 39 3 3 
0.16 61 117 39 3 3 
0.16 55 104 39 3 3 
0.16 58 104 39 3 3 
0.26 60 79 39 3 3 
0.26 57 69 39 3 3 
0.16 61 118 39 3 3 
0.16 55 105 39 3 3 
0.16 58 105 39 3 3 
0.0 60 80 39 3 3 
0.26 57 70 39 3 3 
0.16 61 119 39 3 3 
0.16 55 106 39 3 3 
0.26 60 81 39 3 3 
0.16 58 106 39 3 3 
0.26 57 71 39 3 3 
0.16 61 120 39 3 3 
0.16 55 107 39 3 3 
0.26 60 82 39 3 3 
0.16 58 107 39 3 3 
0.26 57 72 39 3 3 
0.16 61 121 39 3 3 
0.16 55 108 39 3 3 
0.26 60 83 39 3 3 
0.16 58 108 39 3 3 
0.0 57 73 39 3 3 
0.15 61 122 39 3 3 
0.0 55 109 39 3 3 
0.26 60 84 39 3 3 
0.16 58 109 39 3 3 
0.26 57 74 39 3 3 
0.16 61 123 39 3 3 
0.16 55 110 39 3 3 
0.26 60 85 39 3 3 
0.16 58 110 39 3 3 
0.26 57 75 39 3 3 
0.16 61 124 39 3 3 
0.0 60 86 39 3 3 
0.16 55 111 39 3 3 
0.0 58 111 39 3 3 
0.26 57 76 39 3 3 
0.16 61 125 39 3 3 
0.26 60 87 39 3 3 
0.16 55 112 39 3 3 
0.16 58 112 39 3 3 
0.26 57 77 39 3 3 
0.16 61 126 39 3 3 
0.26 60 88 39 3 3 
0.16 55 113 39 3 3 
0.16 58 113 39 3 3 
0.26 57 78 39 3 3 
0.31 62 63 39 3 3 
0.16 55 114 39 3 3 
0.26 60 89 39 3 3 
0.26 57 79 39 3 3 
0.16 58 114 39 3 3 
0.31 62 64 39 3 3 
0.23 60 90 39 3 3 
0.16 55 115 39 3 3 
0.26 57 80 39 3 3 
0.0 58 115 39 3 3 
0.3 62 65 39 3 3 
0.0 60 91 39 3 3 
0.16 55 116 39 3 3 
0.26 57 81 39 3 3 
0.16 58 116 39 3 3 
0.3 62 66 39 3 3 
0.0 60 92 39 3 3 
0.16 55 117 39 3 3 
0.26 57 82 39 3 3 
0.16 58 117 39 3 3 
0.3 62 67 39 3 3 
0.17 60 93 39 3 3 
0.16 55 118 39 3 3 
0.26 57 83 39 3 3 
0.16 58 118 39 3 3 
0.27 62 68 39 3 3 
0.17 60 94 39 3 3 
0.16 55 119 39 3 3 
0.26 57 84 39 3 3 
0.16 58 119 39 3 3 
0.26 62 69 39 3 3 
0.0 60 95 39 3 3 
0.16 55 120 39 3 3 
0.26 57 85 39 3 3 
0.16 58 120 39 3 3 
0.26 62 70 39 3 3 
0.17 60 96 39 3 3 
0.16 55 121 39 3 3 
0.26 57 86 39 3 3 
0.16 58 121 39 3 3 
0.17 60 97 39 3 3 
0.26 62 71 39 3 3 
0.15 55 122 39 3 3 
0.15 58 122 39 3 3 
0.26 57 87 39 3 3 
0.17 60 98 39 3 3 
0.26 62 72 39 3 3 
0.16 55 123 39 3 3 
0.16 58 123 39 3 3 
0.26 57 88 39 3 3 
0.26 62 73 39 3 3 
0.16 55 124 39 3 3 
0.17 60 99 39 3 3 
0.16 58 124 39 3 3 
0.26 57 89 39 3 3 
0.16 55 125 39 3 3 
0.26 62 74 39 3 3 
0.17 60 100 39 3 3 
0.23 57 90 39 3 3 
0.16 58 125 39 3 3 
0.16 55 126 39 3 3 
0.26 62 75 39 3 3 
0.17 60 101 39 3 3 
0.23 57 91 39 3 3 
0.31 56 63 39 3 3 
0.16 58 126 39 3 3 
0.26 62 76 39 3 3 
0.17 60 102 39 3 3 
0.17 57 92 39 3 3 
0.31 56 64 39 3 3 
0.26 62 77 39 3 3 
0.31 59 63 39 3 3 
0.0 60 103 39 3 3 
0.17 57 93 39 3 3 
0.31 59 64 39 3 3 
0.3 56 65 39 3 3 
0.26 62 78 39 3 3 
0.16 60 104 39 3 3 
0.17 57 94 39 3 3 
0.26 62 79 39 3 3 
0.3 59 65 39 3 3 
0.3 56 66 39 3 3 
0.16 60 105 39 3 3 
0.17 57 95 39 3 3 
0.3 59 66 39 3 3 
0.26 62 80 39 3 3 
0.3 56 67 39 3 3 
0.16 60 106 39 3 3 
0.17 57 96 39 3 3 
0.3 59 67 39 3 3 
0.26 62 81 39 3 3 
0.0 56 68 39 3 3 
0.16 60 107 39 3 3 
0.17 57 97 39 3 3 
0.27 59 68 39 3 3 
0.26 62 82 39 3 3 
0.26 56 69 39 3 3 
0.16 60 108 39 3 3 
0.17 57 98 39 3 3 
0.26 59 69 39 3 3 
0.26 62 83 39 3 3 
0.26 56 70 39 3 3 
0.0 60 109 39 3 3 
0.17 57 99 39 3 3 
0.26 59 70 39 3 3 
0.26 62 84 39 3 3 
0.26 56 71 39 3 3 
0.16 60 110 39 3 3 
0.17 57 100 39 3 3 
0.26 59 71 39 3 3 
0.26 56 72 39 3 3 
0.26 62 85 39 3 3 
0.16 60 111 39 3 3 
0.17 57 101 39 3 3 
0.26 59 72 39 3 3 
0.26 56 73 39 3 3 
0.26 62 86 39 3 3 
0.16 60 112 39 3 3 
0.26 59 73 39 3 3 
0.17 57 102 39 3 3 
0.0 56 74 39 3 3 
0.26 62 87 39 3 3 
0.16 60 113 39 3 3 
0.26 59 74 39 3 3 
0.17 57 103 39 3 3 
0.26 56 75 39 3 3 
0.26 62 88 39 3 3 
0.16 60 114 39 3 3 
0.16 57 104 39 3 3 
0.26 56 76 39 3 3 
0.26 59 75 39 3 3 
0.26 62 89 39 3 3 
0.16 60 115 39 3 3 
0.26 59 76 39 3 3 
0.16 57 105 39 3 3 
0.26 56 77 39 3 3 
0.23 62 90 39 3 3 
0.16 60 116 39 3 3 
0.26 59 77 39 3 3 
0.26 56 78 39 3 3 
0.16 57 106 39 3 3 
0.23 62 91 39 3 3 
0.16 60 117 39 3 3 
0.26 59 78 39 3 3 
0.26 56 79 39 3 3 
0.16 57 107 39 3 3 
0.17 62 92 39 3 3 
0.16 60 118 39 3 3 
0.26 59 79 39 3 3 
0.26 56 80 39 3 3 
0.16 57 108 39 3 3 
0.0 62 93 39 3 3 
0.16 60 119 39 3 3 
0.26 59 80 39 3 3 
0.26 56 81 39 3 3 
0.16 57 109 39 3 3 
0.17 62 94 39 3 3 
0.16 60 120 39 3 3 
0.26 59 81 39 3 3 
0.16 57 110 39 3 3 
0.26 56 82 39 3 3 
0.17 62 95 39 3 3 
0.16 60 121 39 3 3 
0.26 56 83 39 3 3 
0.26 59 82 39 3 3 
0.16 57 111 39 3 3 
0.17 62 96 39 3 3 
0.0 60 122 39 3 3 
0.26 56 84 39 3 3 
0.26 59 83 39 3 3 
0.16 57 112 39 3 3 
0.17 62 97 39 3 3 
0.16 60 123 39 3 3 
0.26 59 84 39 3 3 
0.26 56 85 39 3 3 
0.16 57 113 39 3 3 
0.17 62 98 39 3 3 
0.16 60 124 39 3 3 
0.26 56 86 39 3 3 
0.26 59 85 39 3 3 
0.16 57 114 39 3 3 
0.17 62 99 39 3 3 
0.16 60 125 39 3 3 
0.26 56 87 39 3 3 
0.26 59 86 39 3 3 
0.16 57 115 39 3 3 
0.17 62 100 39 3 3 
0.16 60 126 39 3 3 
0.26 59 87 39 3 3 
0.26 56 88 39 3 3 
0.16 57 116 39 3 3 
0.17 62 101 39 3 3 
0.31 61 63 39 3 3 
0.26 59 88 39 3 3 
0.26 56 89 39 3 3 
0.16 57 117 39 3 3 
0.17 62 102 39 3 3 
0.31 61 64 39 3 3 
0.26 59 89 39 3 3 
0.23 56 90 39 3 3 
0.16 57 118 39 3 3 
0.17 62 103 39 3 3 
0.3 61 65 39 3 3 
0.0 59 90 39 3 3 
0.23 56 91 39 3 3 
0.16 57 119 39 3 3 
0.16 62 104 39 3 3 
0.3 61 66 39 3 3 
0.23 59 91 39 3 3 
0.17 56 92 39 3 3 
0.16 57 120 39 3 3 
0.16 62 105 39 3 3 
0.3 61 67 39 3 3 
0.17 59 92 39 3 3 
0.17 56 93 39 3 3 
0.16 57 121 39 3 3 
0.16 62 106 39 3 3 
0.27 61 68 39 3 3 
0.17 59 93 39 3 3 
0.17 56 94 39 3 3 
0.15 57 122 39 3 3 
0.16 62 107 39 3 3 
0.26 61 69 39 3 3 
0.17 59 94 39 3 3 
0.17 56 95 39 3 3 
0.16 57 123 39 3 3 
0.16 62 108 39 3 3 
0.26 61 70 39 3 3 
0.17 59 95 39 3 3 
0.0 56 96 39 3 3 
0.16 57 124 39 3 3 
0.16 62 109 39 3 3 
0.26 61 71 39 3 3 
0.17 59 96 39 3 3 
0.17 56 97 39 3 3 
0.16 57 125 39 3 3 
0.16 62 110 39 3 3 
0.26 61 72 39 3 3 
0.17 59 97 39 3 3 
0.0 56 98 39 3 3 
0.16 57 126 39 3 3 
0.16 62 111 39 3 3 
0.26 61 73 39 3 3 
0.17 59 98 39 3 3 
0.31 58 63 39 3 3 
0.17 56 99 39 3 3 
0.16 62 112 39 3 3 
0.26 61 74 39 3 3 
0.17 59 99 39 3 3 
0.16 62 113 39 3 3 
0.31 58 64 39 3 3 
0.17 56 100 39 3 3 
0.26 61 75 39 3 3 
0.17 59 100 39 3 3 
0.17 56 101 39 3 3 
0.3 58 65 39 3 3 
0.16 62 114 39 3 3 
0.26 61 76 39 3 3 
0.17 59 101 39 3 3 
0.16 62 115 39 3 3 
0.17 56 102 39 3 3 
0.3 58 66 39 3 3 
0.26 61 77 39 3 3 
0.17 59 102 39 3 3 
0.16 62 116 39 3 3 
0.17 56 103 39 3 3 
0.3 58 67 39 3 3 
0.26 61 78 39 3 3 
0.17 59 103 39 3 3 
0.16 62 117 39 3 3 
0.16 56 104 39 3 3 
0.27 58 68 39 3 3 
0.26 61 79 39 3 3 
0.16 59 104 39 3 3 
0.16 62 118 39 3 3 
0.16 56 105 39 3 3 
0.26 58 69 39 3 3 
0.26 61 80 39 3 3 
0.16 59 105 39 3 3 
0.16 62 119 39 3 3 
0.16 56 106 39 3 3 
0.26 58 70 39 3 3 
0.26 61 81 39 3 3 
0.16 62 120 39 3 3 
0.16 56 107 39 3 3 
0.26 58 71 39 3 3 
0.16 59 106 39 3 3 
0.26 61 82 39 3 3 
0.16 62 121 39 3 3 
0.26 58 72 39 3 3 
0.16 56 108 39 3 3 
0.16 59 107 39 3 3 
0.0 61 83 39 3 3 
0.15 62 122 39 3 3 
0.26 58 73 39 3 3 
0.16 56 109 39 3 3 
0.16 59 108 39 3 3 
0.26 61 84 39 3 3 
0.16 62 123 39 3 3 
0.16 56 110 39 3 3 
0.26 58 74 39 3 3 
0.16 59 109 39 3 3 
0.26 61 85 39 3 3 
0.26 58 75 39 3 3 
0.16 62 124 39 3 3 
0.16 59 110 39 3 3 
0.26 61 86 39 3 3 
0.16 62 125 39 3 3 
0.26 58 76 39 3 3 
0.16 59 111 39 3 3 
0.26 61 87 39 3 3 
0.26 58 77 39 3 3 
0.16 62 126 39 3 3 
0.16 59 112 39 3 3 
0.26 61 88 39 3 3 
0.26 58 78 39 3 3 
0.16 59 113 39 3 3 
0.26 61 89 39 3 3 
0.26 58 79 39 3 3 
0.16 59 114 39 3 3 
0.23 61 90 39 3 3 
0.26 58 80 39 3 3 
0.16 59 115 39 3 3 
0.23 61 91 39 3 3 
0.26 58 81 39 3 3 
0.16 59 116 39 3 3 
0.17 61 92 39 3 3 
0.26 58 82 39 3 3 
0.16 59 117 39 3 3 
0.17 61 93 39 3 3 
0.26 58 83 39 3 3 
0.16 59 118 39 3 3 
0.17 61 94 39 3 3 
0.26 58 84 39 3 3 
0.16 59 119 39 3 3 
0.17 61 95 39 3 3 
0.26 58 85 39 3 3 
0.16 59 120 39 3 3 
0.17 61 96 39 3 3 
0.16 59 121 39 3 3 
0.17 61 97 39 3 3 
0.15 59 122 39 3 3 
0.17 61 98 39 3 3 
0.16 59 123 39 3 3 
0.0 61 99 39 3 3 
0.16 59 124 39 3 3 
