0 0 600 48 5 25
0 0 600 48 5 27
0 0 600 48 5 29
0 0 600 48 5 31
0 0 600 48 5 33
0 0 600 48 5 35
0 0 600 48 5 37
0 0 600 48 5 39
0 0 600 48 7 29
0 0 600 48 7 31
0 0 600 48 7 33
0 0 600 48 7 35
0 0 600 48 7 37
0 0 600 48 7 39
0 0 600 48 9 31
0 0 600 48 9 33
0 0 600 48 9 35
0 0 600 48 9 37
0 0 600 48 9 39
0 0 600 48 11 33
0 0 600 48 11 35
0 0 600 48 11 37
0 0 600 48 11 39
0 0 600 48 13 33
0 0 600 48 13 35
0 0 600 48 13 37
0 0 600 48 13 39
0 0 600 48 15 33
0 0 600 48 15 35
0 0 600 48 15 37
0 0 600 48 15 39
0 0 600 48 17 35
0 0 600 48 17 37
0 0 600 48 17 39
0 0 600 48 19 35
0 0 600 48 19 37
0 0 600 48 19 39
0 0 600 48 21 35
0 0 600 48 21 37
0 0 600 48 21 39
0 0 600 48 23 35
0 0 600 48 23 37
0 0 600 48 23 39
0 0 600 48 25 35
0 0 600 48 25 37
0 0 600 48 25 39
0 0 600 48 27 35
0 0 600 48 27 37
0 0 600 48 27 39
0 0 600 48 29 35
0 0 600 48 29 37
0 0 600 48 29 39
0 0 600 48 31 35
0 0 600 48 31 37
0 0 600 48 31 39
0 0 600 48 33 35
0 0 600 48 33 37
0 0 600 48 33 39
0 0 600 48 35 35
0 0 600 48 35 37
0 0 600 48 35 39
0 0 600 48 37 35
0 0 600 48 37 37
0 0 600 48 37 39
0 0 600 48 39 35
0 0 600 48 39 37
0 0 600 48 39 39
